4 0
4 1
4 2
0 0 0 
1 1 1 2 
0 0 
2 1 2 
-1
0 
3 2 
-1

5 
-1
5
///////////////////
0 0 1 
1 1 1 2 
0 1 
2 1 2 
-1
1 
3 2 
-1
1
///////////////////
0 0 2 
1 1 1 2 
0 
2 2 
-1

4 
-1
4
///////////////////
4 2
0 1 0 
1 1 1 2 
1 0 
2 1 2 
-1

3 
-1
3
///////////////////
0 1 1 
1 1 1 2 
1 1 
2 1 2 
-1
-1
///////////////////
0 1 2 
1 1 1 2 
1 
2 2 
-1
0
///////////////////
4 2
0 2 0 
1 1 1 2 
0 
2 2 
-1

4 
-1
4
///////////////////
0 2 1 
1 1 1 2 
1 
2 2 
-1
0
///////////////////
0 2 2 
1 1 1 2 

3 
-1
3
///////////////////
4 1
4 2
1 0 0 
1 1 1 2 
0 
1 2 
-1

3 
-1
3
///////////////////
1 0 1 
1 1 1 2 
1 
1 2 
-1
-1
///////////////////
1 0 2 
1 1 1 2 

2 
-1
2
///////////////////
4 2
1 1 0 
1 1 1 2 

1 
-1
1
///////////////////
1 1 1 
1 1 1 2 
-3
///////////////////
1 1 2 
1 1 1 2 
-2
///////////////////
4 2
1 2 0 
1 1 1 2 

2 
-1
2
///////////////////
1 2 1 
1 1 1 2 
-2
///////////////////
1 2 2 
1 1 1 2 
-1
///////////////////
4 1
4 2
2 0 0 
1 1 1 2 
0 
2 2 
-1

4 
-1
4
///////////////////
2 0 1 
1 1 1 2 
1 
2 2 
-1
0
///////////////////
2 0 2 
1 1 1 2 

3 
-1
3
///////////////////
4 2
2 1 0 
1 1 1 2 

2 
-1
2
///////////////////
2 1 1 
1 1 1 2 
-2
///////////////////
2 1 2 
1 1 1 2 
-1
///////////////////
4 2
2 2 0 
1 1 1 2 

3 
-1
3
///////////////////
2 2 1 
1 1 1 2 
-1
///////////////////
2 2 2 
1 1 1 2 
2
///////////////////
3 0
3 1
0 0 
1 1 12 
0 
2 12 
-1

14 
-1
14
///////////////////
0 1 
1 1 12 
1 
2 12 
-1
-10
///////////////////
0 2 
1 1 12 

13 
-1
13
///////////////////
3 1
1 0 
1 1 12 

12 
-1
12
///////////////////
1 1 
1 1 12 
-12
///////////////////
1 2 
1 1 12 
-11
///////////////////
3 1
2 0 
1 1 12 

13 
-1
13
///////////////////
2 1 
1 1 12 
-11
///////////////////
2 2 
1 1 12 
12
///////////////////
2 0
0 
1 112 

113 
-1
113
///////////////////
1 
1 112 
-111
///////////////////
2 
1 112 
112
///////////////////
2 0
0 
112 1 

113 
-1
113
///////////////////
1 
112 1 
111
///////////////////
2 
112 1 
112
///////////////////
3 0
3 1
0 0 
1 12 1 
0 
13 1 
-1

14 
-1
14
///////////////////
0 1 
1 12 1 
1 
13 1 
-1
12
///////////////////
0 2 
1 12 1 

13 
-1
13
///////////////////
3 1
1 0 
1 12 1 

-10 
-1
-10
///////////////////
1 1 
1 12 1 
-12
///////////////////
1 2 
1 12 1 
-11
///////////////////
3 1
2 0 
1 12 1 

13 
-1
13
///////////////////
2 1 
1 12 1 
11
///////////////////
2 2 
1 12 1 
12
///////////////////
2 0
0 
11 12 

23 
-1
23
///////////////////
1 
11 12 
-1
///////////////////
2 
11 12 
132
///////////////////
2 0
0 
12 11 

23 
-1
23
///////////////////
1 
12 11 
1
///////////////////
2 
12 11 
132
///////////////////
3 0
3 1
0 0 
12 1 1 
0 
13 1 
-1

14 
-1
14
///////////////////
0 1 
12 1 1 
1 
13 1 
-1
12
///////////////////
0 2 
12 1 1 

13 
-1
13
///////////////////
3 1
1 0 
12 1 1 

12 
-1
12
///////////////////
1 1 
12 1 1 
10
///////////////////
1 2 
12 1 1 
11
///////////////////
3 1
2 0 
12 1 1 

13 
-1
13
///////////////////
2 1 
12 1 1 
11
///////////////////
2 2 
12 1 1 
12
///////////////////
2 0
0 
1 121 

122 
-1
122
///////////////////
1 
1 121 
-120
///////////////////
2 
1 121 
121
///////////////////
2 0
0 
121 1 

122 
-1
122
///////////////////
1 
121 1 
120
///////////////////
2 
121 1 
121
///////////////////
4 0
4 1
4 2
0 0 0 
1 1 2 1 
0 0 
2 2 1 
-1
0 
4 1 
-1

5 
-1
5
///////////////////
0 0 1 
1 1 2 1 
0 1 
2 2 1 
-1
1 
4 1 
-1
3
///////////////////
0 0 2 
1 1 2 1 
0 
2 2 
-1

4 
-1
4
///////////////////
4 2
0 1 0 
1 1 2 1 
1 0 
2 2 1 
-1

1 
-1
1
///////////////////
0 1 1 
1 1 2 1 
1 1 
2 2 1 
-1
-1
///////////////////
0 1 2 
1 1 2 1 
1 
2 2 
-1
0
///////////////////
4 2
0 2 0 
1 1 2 1 
0 
3 1 
-1

4 
-1
4
///////////////////
0 2 1 
1 1 2 1 
1 
3 1 
-1
2
///////////////////
0 2 2 
1 1 2 1 

3 
-1
3
///////////////////
4 1
4 2
1 0 0 
1 1 2 1 
0 
2 1 
-1

3 
-1
3
///////////////////
1 0 1 
1 1 2 1 
1 
2 1 
-1
1
///////////////////
1 0 2 
1 1 2 1 

2 
-1
2
///////////////////
4 2
1 1 0 
1 1 2 1 

-1 
-1
-1
///////////////////
1 1 1 
1 1 2 1 
-3
///////////////////
1 1 2 
1 1 2 1 
-2
///////////////////
4 2
1 2 0 
1 1 2 1 

0 
-1
0
///////////////////
1 2 1 
1 1 2 1 
-2
///////////////////
1 2 2 
1 1 2 1 
-1
///////////////////
4 1
4 2
2 0 0 
1 1 2 1 
0 
3 1 
-1

4 
-1
4
///////////////////
2 0 1 
1 1 2 1 
1 
3 1 
-1
2
///////////////////
2 0 2 
1 1 2 1 

3 
-1
3
///////////////////
4 2
2 1 0 
1 1 2 1 

0 
-1
0
///////////////////
2 1 1 
1 1 2 1 
-2
///////////////////
2 1 2 
1 1 2 1 
-1
///////////////////
4 2
2 2 0 
1 1 2 1 

3 
-1
3
///////////////////
2 2 1 
1 1 2 1 
1
///////////////////
2 2 2 
1 1 2 1 
2
///////////////////
3 0
3 1
0 0 
1 2 11 
0 
3 11 
-1

14 
-1
14
///////////////////
0 1 
1 2 11 
1 
3 11 
-1
-8
///////////////////
0 2 
1 2 11 

23 
-1
23
///////////////////
3 1
1 0 
1 2 11 

10 
-1
10
///////////////////
1 1 
1 2 11 
-12
///////////////////
1 2 
1 2 11 
-21
///////////////////
3 1
2 0 
1 2 11 

13 
-1
13
///////////////////
2 1 
1 2 11 
-9
///////////////////
2 2 
1 2 11 
22
///////////////////
2 0
0 
2 111 

113 
-1
113
///////////////////
1 
2 111 
-109
///////////////////
2 
2 111 
222
///////////////////
2 0
0 
111 2 

113 
-1
113
///////////////////
1 
111 2 
109
///////////////////
2 
111 2 
222
///////////////////
3 0
3 1
0 0 
1 11 2 
0 
12 2 
-1

14 
-1
14
///////////////////
0 1 
1 11 2 
1 
12 2 
-1
10
///////////////////
0 2 
1 11 2 

23 
-1
23
///////////////////
3 1
1 0 
1 11 2 

-8 
-1
-8
///////////////////
1 1 
1 11 2 
-12
///////////////////
1 2 
1 11 2 
-21
///////////////////
3 1
2 0 
1 11 2 

13 
-1
13
///////////////////
2 1 
1 11 2 
9
///////////////////
2 2 
1 11 2 
22
///////////////////
2 0
0 
11 12 

23 
-1
23
///////////////////
1 
11 12 
-1
///////////////////
2 
11 12 
132
///////////////////
2 0
0 
12 11 

23 
-1
23
///////////////////
1 
12 11 
1
///////////////////
2 
12 11 
132
///////////////////
3 0
3 1
0 0 
2 1 11 
0 
3 11 
-1

14 
-1
14
///////////////////
0 1 
2 1 11 
1 
3 11 
-1
-8
///////////////////
0 2 
2 1 11 

13 
-1
13
///////////////////
3 1
1 0 
2 1 11 

12 
-1
12
///////////////////
1 1 
2 1 11 
-10
///////////////////
1 2 
2 1 11 
-9
///////////////////
3 1
2 0 
2 1 11 

13 
-1
13
///////////////////
2 1 
2 1 11 
-9
///////////////////
2 2 
2 1 11 
22
///////////////////
2 0
0 
1 211 

212 
-1
212
///////////////////
1 
1 211 
-210
///////////////////
2 
1 211 
211
///////////////////
2 0
0 
211 1 

212 
-1
212
///////////////////
1 
211 1 
210
///////////////////
2 
211 1 
211
///////////////////
3 0
3 1
0 0 
2 11 1 
0 
13 1 
-1

14 
-1
14
///////////////////
0 1 
2 11 1 
1 
13 1 
-1
12
///////////////////
0 2 
2 11 1 

13 
-1
13
///////////////////
3 1
1 0 
2 11 1 

-8 
-1
-8
///////////////////
1 1 
2 11 1 
-10
///////////////////
1 2 
2 11 1 
-9
///////////////////
3 1
2 0 
2 11 1 

23 
-1
23
///////////////////
2 1 
2 11 1 
21
///////////////////
2 2 
2 11 1 
22
///////////////////
2 0
0 
11 21 

32 
-1
32
///////////////////
1 
11 21 
-10
///////////////////
2 
11 21 
231
///////////////////
2 0
0 
21 11 

32 
-1
32
///////////////////
1 
21 11 
10
///////////////////
2 
21 11 
231
///////////////////
3 0
3 1
0 0 
11 1 2 
0 
12 2 
-1

14 
-1
14
///////////////////
0 1 
11 1 2 
1 
12 2 
-1
10
///////////////////
0 2 
11 1 2 

13 
-1
13
///////////////////
3 1
1 0 
11 1 2 

12 
-1
12
///////////////////
1 1 
11 1 2 
8
///////////////////
1 2 
11 1 2 
9
///////////////////
3 1
2 0 
11 1 2 

13 
-1
13
///////////////////
2 1 
11 1 2 
9
///////////////////
2 2 
11 1 2 
22
///////////////////
2 0
0 
1 112 

113 
-1
113
///////////////////
1 
1 112 
-111
///////////////////
2 
1 112 
112
///////////////////
2 0
0 
112 1 

113 
-1
113
///////////////////
1 
112 1 
111
///////////////////
2 
112 1 
112
///////////////////
3 0
3 1
0 0 
11 2 1 
0 
13 1 
-1

14 
-1
14
///////////////////
0 1 
11 2 1 
1 
13 1 
-1
12
///////////////////
0 2 
11 2 1 

13 
-1
13
///////////////////
3 1
1 0 
11 2 1 

10 
-1
10
///////////////////
1 1 
11 2 1 
8
///////////////////
1 2 
11 2 1 
9
///////////////////
3 1
2 0 
11 2 1 

23 
-1
23
///////////////////
2 1 
11 2 1 
21
///////////////////
2 2 
11 2 1 
22
///////////////////
2 0
0 
2 111 

113 
-1
113
///////////////////
1 
2 111 
-109
///////////////////
2 
2 111 
222
///////////////////
2 0
0 
111 2 

113 
-1
113
///////////////////
1 
111 2 
109
///////////////////
2 
111 2 
222
///////////////////
4 0
4 1
4 2
0 0 0 
1 2 1 1 
0 0 
3 1 1 
-1
0 
4 1 
-1

5 
-1
5
///////////////////
0 0 1 
1 2 1 1 
0 1 
3 1 1 
-1
1 
4 1 
-1
3
///////////////////
0 0 2 
1 2 1 1 
0 
3 1 
-1

4 
-1
4
///////////////////
4 2
0 1 0 
1 2 1 1 
1 0 
3 1 1 
-1

3 
-1
3
///////////////////
0 1 1 
1 2 1 1 
1 1 
3 1 1 
-1
1
///////////////////
0 1 2 
1 2 1 1 
1 
3 1 
-1
2
///////////////////
4 2
0 2 0 
1 2 1 1 
0 
3 1 
-1

4 
-1
4
///////////////////
0 2 1 
1 2 1 1 
1 
3 1 
-1
2
///////////////////
0 2 2 
1 2 1 1 

3 
-1
3
///////////////////
4 1
4 2
1 0 0 
1 2 1 1 
0 
0 1 
-1

1 
-1
1
///////////////////
1 0 1 
1 2 1 1 
1 
0 1 
-1
-1
///////////////////
1 0 2 
1 2 1 1 

0 
-1
0
///////////////////
4 2
1 1 0 
1 2 1 1 

-1 
-1
-1
///////////////////
1 1 1 
1 2 1 1 
-3
///////////////////
1 1 2 
1 2 1 1 
-2
///////////////////
4 2
1 2 0 
1 2 1 1 

0 
-1
0
///////////////////
1 2 1 
1 2 1 1 
-2
///////////////////
1 2 2 
1 2 1 1 
-1
///////////////////
4 1
4 2
2 0 0 
1 2 1 1 
0 
3 1 
-1

4 
-1
4
///////////////////
2 0 1 
1 2 1 1 
1 
3 1 
-1
2
///////////////////
2 0 2 
1 2 1 1 

3 
-1
3
///////////////////
4 2
2 1 0 
1 2 1 1 

2 
-1
2
///////////////////
2 1 1 
1 2 1 1 
0
///////////////////
2 1 2 
1 2 1 1 
1
///////////////////
4 2
2 2 0 
1 2 1 1 

3 
-1
3
///////////////////
2 2 1 
1 2 1 1 
1
///////////////////
2 2 2 
1 2 1 1 
2
///////////////////
3 0
3 1
0 0 
1 2 11 
0 
3 11 
-1

14 
-1
14
///////////////////
0 1 
1 2 11 
1 
3 11 
-1
-8
///////////////////
0 2 
1 2 11 

23 
-1
23
///////////////////
3 1
1 0 
1 2 11 

10 
-1
10
///////////////////
1 1 
1 2 11 
-12
///////////////////
1 2 
1 2 11 
-21
///////////////////
3 1
2 0 
1 2 11 

13 
-1
13
///////////////////
2 1 
1 2 11 
-9
///////////////////
2 2 
1 2 11 
22
///////////////////
2 0
0 
2 111 

113 
-1
113
///////////////////
1 
2 111 
-109
///////////////////
2 
2 111 
222
///////////////////
2 0
0 
111 2 

113 
-1
113
///////////////////
1 
111 2 
109
///////////////////
2 
111 2 
222
///////////////////
3 0
3 1
0 0 
1 11 2 
0 
12 2 
-1

14 
-1
14
///////////////////
0 1 
1 11 2 
1 
12 2 
-1
10
///////////////////
0 2 
1 11 2 

23 
-1
23
///////////////////
3 1
1 0 
1 11 2 

-8 
-1
-8
///////////////////
1 1 
1 11 2 
-12
///////////////////
1 2 
1 11 2 
-21
///////////////////
3 1
2 0 
1 11 2 

13 
-1
13
///////////////////
2 1 
1 11 2 
9
///////////////////
2 2 
1 11 2 
22
///////////////////
2 0
0 
11 12 

23 
-1
23
///////////////////
1 
11 12 
-1
///////////////////
2 
11 12 
132
///////////////////
2 0
0 
12 11 

23 
-1
23
///////////////////
1 
12 11 
1
///////////////////
2 
12 11 
132
///////////////////
3 0
3 1
0 0 
2 1 11 
0 
3 11 
-1

14 
-1
14
///////////////////
0 1 
2 1 11 
1 
3 11 
-1
-8
///////////////////
0 2 
2 1 11 

13 
-1
13
///////////////////
3 1
1 0 
2 1 11 

12 
-1
12
///////////////////
1 1 
2 1 11 
-10
///////////////////
1 2 
2 1 11 
-9
///////////////////
3 1
2 0 
2 1 11 

13 
-1
13
///////////////////
2 1 
2 1 11 
-9
///////////////////
2 2 
2 1 11 
22
///////////////////
2 0
0 
1 211 

212 
-1
212
///////////////////
1 
1 211 
-210
///////////////////
2 
1 211 
211
///////////////////
2 0
0 
211 1 

212 
-1
212
///////////////////
1 
211 1 
210
///////////////////
2 
211 1 
211
///////////////////
3 0
3 1
0 0 
2 11 1 
0 
13 1 
-1

14 
-1
14
///////////////////
0 1 
2 11 1 
1 
13 1 
-1
12
///////////////////
0 2 
2 11 1 

13 
-1
13
///////////////////
3 1
1 0 
2 11 1 

-8 
-1
-8
///////////////////
1 1 
2 11 1 
-10
///////////////////
1 2 
2 11 1 
-9
///////////////////
3 1
2 0 
2 11 1 

23 
-1
23
///////////////////
2 1 
2 11 1 
21
///////////////////
2 2 
2 11 1 
22
///////////////////
2 0
0 
11 21 

32 
-1
32
///////////////////
1 
11 21 
-10
///////////////////
2 
11 21 
231
///////////////////
2 0
0 
21 11 

32 
-1
32
///////////////////
1 
21 11 
10
///////////////////
2 
21 11 
231
///////////////////
3 0
3 1
0 0 
11 1 2 
0 
12 2 
-1

14 
-1
14
///////////////////
0 1 
11 1 2 
1 
12 2 
-1
10
///////////////////
0 2 
11 1 2 

13 
-1
13
///////////////////
3 1
1 0 
11 1 2 

12 
-1
12
///////////////////
1 1 
11 1 2 
8
///////////////////
1 2 
11 1 2 
9
///////////////////
3 1
2 0 
11 1 2 

13 
-1
13
///////////////////
2 1 
11 1 2 
9
///////////////////
2 2 
11 1 2 
22
///////////////////
2 0
0 
1 112 

113 
-1
113
///////////////////
1 
1 112 
-111
///////////////////
2 
1 112 
112
///////////////////
2 0
0 
112 1 

113 
-1
113
///////////////////
1 
112 1 
111
///////////////////
2 
112 1 
112
///////////////////
3 0
3 1
0 0 
11 2 1 
0 
13 1 
-1

14 
-1
14
///////////////////
0 1 
11 2 1 
1 
13 1 
-1
12
///////////////////
0 2 
11 2 1 

13 
-1
13
///////////////////
3 1
1 0 
11 2 1 

10 
-1
10
///////////////////
1 1 
11 2 1 
8
///////////////////
1 2 
11 2 1 
9
///////////////////
3 1
2 0 
11 2 1 

23 
-1
23
///////////////////
2 1 
11 2 1 
21
///////////////////
2 2 
11 2 1 
22
///////////////////
2 0
0 
2 111 

113 
-1
113
///////////////////
1 
2 111 
-109
///////////////////
2 
2 111 
222
///////////////////
2 0
0 
111 2 

113 
-1
113
///////////////////
1 
111 2 
109
///////////////////
2 
111 2 
222
///////////////////
4 0
4 1
4 2
0 0 0 
2 1 1 1 
0 0 
3 1 1 
-1
0 
4 1 
-1

5 
-1
5
///////////////////
0 0 1 
2 1 1 1 
0 1 
3 1 1 
-1
1 
4 1 
-1
3
///////////////////
0 0 2 
2 1 1 1 
0 
3 1 
-1

4 
-1
4
///////////////////
4 2
0 1 0 
2 1 1 1 
1 0 
3 1 1 
-1

3 
-1
3
///////////////////
0 1 1 
2 1 1 1 
1 1 
3 1 1 
-1
1
///////////////////
0 1 2 
2 1 1 1 
1 
3 1 
-1
2
///////////////////
4 2
0 2 0 
2 1 1 1 
0 
3 1 
-1

4 
-1
4
///////////////////
0 2 1 
2 1 1 1 
1 
3 1 
-1
2
///////////////////
0 2 2 
2 1 1 1 

3 
-1
3
///////////////////
4 1
4 2
1 0 0 
2 1 1 1 
0 
2 1 
-1

3 
-1
3
///////////////////
1 0 1 
2 1 1 1 
1 
2 1 
-1
1
///////////////////
1 0 2 
2 1 1 1 

2 
-1
2
///////////////////
4 2
1 1 0 
2 1 1 1 

1 
-1
1
///////////////////
1 1 1 
2 1 1 1 
-1
///////////////////
1 1 2 
2 1 1 1 
0
///////////////////
4 2
1 2 0 
2 1 1 1 

2 
-1
2
///////////////////
1 2 1 
2 1 1 1 
0
///////////////////
1 2 2 
2 1 1 1 
1
///////////////////
4 1
4 2
2 0 0 
2 1 1 1 
0 
3 1 
-1

4 
-1
4
///////////////////
2 0 1 
2 1 1 1 
1 
3 1 
-1
2
///////////////////
2 0 2 
2 1 1 1 

3 
-1
3
///////////////////
4 2
2 1 0 
2 1 1 1 

2 
-1
2
///////////////////
2 1 1 
2 1 1 1 
0
///////////////////
2 1 2 
2 1 1 1 
1
///////////////////
4 2
2 2 0 
2 1 1 1 

3 
-1
3
///////////////////
2 2 1 
2 1 1 1 
1
///////////////////
2 2 2 
2 1 1 1 
2
///////////////////
3 0
3 1
0 0 
1 1 21 
0 
2 21 
-1

23 
-1
23
///////////////////
0 1 
1 1 21 
1 
2 21 
-1
-19
///////////////////
0 2 
1 1 21 

22 
-1
22
///////////////////
3 1
1 0 
1 1 21 

21 
-1
21
///////////////////
1 1 
1 1 21 
-21
///////////////////
1 2 
1 1 21 
-20
///////////////////
3 1
2 0 
1 1 21 

22 
-1
22
///////////////////
2 1 
1 1 21 
-20
///////////////////
2 2 
1 1 21 
21
///////////////////
2 0
0 
1 121 

122 
-1
122
///////////////////
1 
1 121 
-120
///////////////////
2 
1 121 
121
///////////////////
2 0
0 
121 1 

122 
-1
122
///////////////////
1 
121 1 
120
///////////////////
2 
121 1 
121
///////////////////
3 0
3 1
0 0 
1 21 1 
0 
22 1 
-1

23 
-1
23
///////////////////
0 1 
1 21 1 
1 
22 1 
-1
21
///////////////////
0 2 
1 21 1 

22 
-1
22
///////////////////
3 1
1 0 
1 21 1 

-19 
-1
-19
///////////////////
1 1 
1 21 1 
-21
///////////////////
1 2 
1 21 1 
-20
///////////////////
3 1
2 0 
1 21 1 

22 
-1
22
///////////////////
2 1 
1 21 1 
20
///////////////////
2 2 
1 21 1 
21
///////////////////
2 0
0 
11 21 

32 
-1
32
///////////////////
1 
11 21 
-10
///////////////////
2 
11 21 
231
///////////////////
2 0
0 
21 11 

32 
-1
32
///////////////////
1 
21 11 
10
///////////////////
2 
21 11 
231
///////////////////
3 0
3 1
0 0 
21 1 1 
0 
22 1 
-1

23 
-1
23
///////////////////
0 1 
21 1 1 
1 
22 1 
-1
21
///////////////////
0 2 
21 1 1 

22 
-1
22
///////////////////
3 1
1 0 
21 1 1 

21 
-1
21
///////////////////
1 1 
21 1 1 
19
///////////////////
1 2 
21 1 1 
20
///////////////////
3 1
2 0 
21 1 1 

22 
-1
22
///////////////////
2 1 
21 1 1 
20
///////////////////
2 2 
21 1 1 
21
///////////////////
2 0
0 
1 211 

212 
-1
212
///////////////////
1 
1 211 
-210
///////////////////
2 
1 211 
211
///////////////////
2 0
0 
211 1 

212 
-1
212
///////////////////
1 
211 1 
210
///////////////////
2 
211 1 
211
///////////////////
36
0 1 2 3 4 5 6 8 9 10 11 12 13 14 19 20 21 22 23 24 32 33 42 109 111 112 113 120 121 122 132 210 211 212 222 231 
