 o limite e de 81
0000000001110 24
0000000000001 6
-----------------------
0000000001110 24
0000000000000 0
-----------------------
0000000001101 21
0000000000010 9
-----------------------
2 3 4 
2 1 2 
 o limite e de 243
0000000011110 45
0000000000001 6
-----------------------
0000000011110 45
0000000000000 0
-----------------------
0000000011101 38
0000000000010 13
-----------------------
0000000011100 32
0000000000011 19
-----------------------
0000000011100 32
0000000000010 13
-----------------------
0000000011101 38
0000000000000 0
-----------------------
0000000011100 32
0000000000001 6
-----------------------
0000000011100 32
0000000000000 0
-----------------------
0000000011011 40
0000000000100 11
-----------------------
0000000011010 34
0000000000101 17
-----------------------
0000000011010 34
0000000000100 11
-----------------------
0000000011001 27
0000000000110 24
-----------------------
0000000011000 21
0000000000111 30
-----------------------
0000000011000 21
0000000000110 24
-----------------------
0000000011001 27
0000000000100 11
-----------------------
0000000011000 21
0000000000101 17
-----------------------
0000000011000 21
0000000000100 11
-----------------------
0000000011011 40
0000000000000 0
-----------------------
0000000011010 34
0000000000001 6
-----------------------
0000000011010 34
0000000000000 0
-----------------------
0000000011001 27
0000000000010 13
-----------------------
0000000011000 21
0000000000011 19
-----------------------
0000000011000 21
0000000000010 13
-----------------------
0000000011001 27
0000000000000 0
-----------------------
0000000011000 21
0000000000001 6
-----------------------
0000000011000 21
0000000000000 0
-----------------------
0000000010111 42
0000000001000 9
-----------------------
0000000010110 36
0000000001001 15
-----------------------
0000000010110 36
0000000001000 9
-----------------------
0000000010101 29
0000000001010 22
-----------------------
0000000010100 23
0000000001011 28
-----------------------
0000000010100 23
0000000001010 22
-----------------------
0000000010101 29
0000000001000 9
-----------------------
0000000010100 23
0000000001001 15
-----------------------
0000000010100 23
0000000001000 9
-----------------------
0000000010011 31
0000000001100 20
-----------------------
0000000010010 25
0000000001101 26
-----------------------
0000000010010 25
0000000001100 20
-----------------------
0000000010001 18
0000000001110 33
-----------------------
0000000010000 12
0000000001111 39
-----------------------
0000000010000 12
0000000001110 33
-----------------------
0000000010001 18
0000000001100 20
-----------------------
0000000010000 12
0000000001101 26
-----------------------
0000000010000 12
0000000001100 20
-----------------------
0000000010011 31
0000000001000 9
-----------------------
0000000010010 25
0000000001001 15
-----------------------
0000000010010 25
0000000001000 9
-----------------------
0000000010001 18
0000000001010 22
-----------------------
0000000010000 12
0000000001011 28
-----------------------
0000000010000 12
0000000001010 22
-----------------------
0000000010001 18
0000000001000 9
-----------------------
0000000010000 12
0000000001001 15
-----------------------
0000000010000 12
0000000001000 9
-----------------------
0000000010111 42
0000000000000 0
-----------------------
0000000010110 36
0000000000001 6
-----------------------
0000000010110 36
0000000000000 0
-----------------------
0000000010101 29
0000000000010 13
-----------------------
0000000010100 23
0000000000011 19
-----------------------
0000000010100 23
0000000000010 13
-----------------------
0000000010101 29
0000000000000 0
-----------------------
0000000010100 23
0000000000001 6
-----------------------
0000000010100 23
0000000000000 0
-----------------------
0000000010011 31
0000000000100 11
-----------------------
0000000010010 25
0000000000101 17
-----------------------
0000000010010 25
0000000000100 11
-----------------------
0000000010001 18
0000000000110 24
-----------------------
0000000010000 12
0000000000111 30
-----------------------
0000000010000 12
0000000000110 24
-----------------------
0000000010001 18
0000000000100 11
-----------------------
0000000010000 12
0000000000101 17
-----------------------
0000000010000 12
0000000000100 11
-----------------------
0000000010011 31
0000000000000 0
-----------------------
0000000010010 25
0000000000001 6
-----------------------
0000000010010 25
0000000000000 0
-----------------------
0000000010001 18
0000000000010 13
-----------------------
0000000010000 12
0000000000011 19
-----------------------
0000000010000 12
0000000000010 13
-----------------------
0000000010001 18
0000000000000 0
-----------------------
0000000010000 12
0000000000001 6
-----------------------
0000000010000 12
0000000000000 0
-----------------------
0000000001111 39
0000000010000 12
-----------------------
0000000001110 33
0000000010001 18
-----------------------
0000000001110 33
0000000010000 12
-----------------------
0000000001101 26
0000000010010 25
-----------------------
0000000001100 20
0000000010011 31
-----------------------
0000000001100 20
0000000010010 25
-----------------------
0000000001101 26
0000000010000 12
-----------------------
0000000001100 20
0000000010001 18
-----------------------
0000000001100 20
0000000010000 12
-----------------------
0000000001011 28
0000000010100 23
-----------------------
0000000001010 22
0000000010101 29
-----------------------
0000000001010 22
0000000010100 23
-----------------------
0000000001001 15
0000000010110 36
-----------------------
0000000001000 9
0000000010111 42
-----------------------
0000000001000 9
0000000010110 36
-----------------------
0000000001001 15
0000000010100 23
-----------------------
0000000001000 9
0000000010101 29
-----------------------
0000000001000 9
0000000010100 23
-----------------------
0000000001011 28
0000000010000 12
-----------------------
0000000001010 22
0000000010001 18
-----------------------
0000000001010 22
0000000010000 12
-----------------------
0000000001001 15
0000000010010 25
-----------------------
0000000001000 9
0000000010011 31
-----------------------
0000000001000 9
0000000010010 25
-----------------------
0000000001001 15
0000000010000 12
-----------------------
0000000001000 9
0000000010001 18
-----------------------
0000000001000 9
0000000010000 12
-----------------------
0000000000111 30
0000000011000 21
-----------------------
0000000000110 24
0000000011001 27
-----------------------
0000000000110 24
0000000011000 21
-----------------------
0000000000101 17
0000000011010 34
-----------------------
0000000000100 11
0000000011011 40
-----------------------
0000000000100 11
0000000011010 34
-----------------------
0000000000101 17
0000000011000 21
-----------------------
0000000000100 11
0000000011001 27
-----------------------
0000000000100 11
0000000011000 21
-----------------------
0000000000011 19
0000000011100 32
-----------------------
0000000000010 13
0000000011101 38
-----------------------
0000000000010 13
0000000011100 32
-----------------------
0000000000001 6
0000000011110 45
-----------------------
0000000000000 0
0000000011111 51
-----------------------
0000000000000 0
0000000011110 45
-----------------------
0000000000001 6
0000000011100 32
-----------------------
0000000000000 0
0000000011101 38
-----------------------
0000000000000 0
0000000011100 32
-----------------------
0000000000011 19
0000000011000 21
-----------------------
0000000000010 13
0000000011001 27
-----------------------
0000000000010 13
0000000011000 21
-----------------------
0000000000001 6
0000000011010 34
-----------------------
0000000000000 0
0000000011011 40
-----------------------
0000000000000 0
0000000011010 34
-----------------------
0000000000001 6
0000000011000 21
-----------------------
0000000000000 0
0000000011001 27
-----------------------
0000000000000 0
0000000011000 21
-----------------------
0000000000111 30
0000000010000 12
-----------------------
0000000000110 24
0000000010001 18
-----------------------
0000000000110 24
0000000010000 12
-----------------------
0000000000101 17
0000000010010 25
-----------------------
0000000000100 11
0000000010011 31
-----------------------
0000000000100 11
0000000010010 25
-----------------------
0000000000101 17
0000000010000 12
-----------------------
0000000000100 11
0000000010001 18
-----------------------
0000000000100 11
0000000010000 12
-----------------------
0000000000011 19
0000000010100 23
-----------------------
0000000000010 13
0000000010101 29
-----------------------
0000000000010 13
0000000010100 23
-----------------------
0000000000001 6
0000000010110 36
-----------------------
0000000000000 0
0000000010111 42
-----------------------
0000000000000 0
0000000010110 36
-----------------------
0000000000001 6
0000000010100 23
-----------------------
0000000000000 0
0000000010101 29
-----------------------
0000000000000 0
0000000010100 23
-----------------------
0000000000011 19
0000000010000 12
-----------------------
0000000000010 13
0000000010001 18
-----------------------
0000000000010 13
0000000010000 12
-----------------------
0000000000001 6
0000000010010 25
-----------------------
0000000000000 0
0000000010011 31
-----------------------
0000000000000 0
0000000010010 25
-----------------------
0000000000001 6
0000000010000 12
-----------------------
0000000000000 0
0000000010001 18
-----------------------
0000000000000 0
0000000010000 12
-----------------------
0000000001111 39
0000000000000 0
-----------------------
0000000001110 33
0000000000001 6
-----------------------
0000000001110 33
0000000000000 0
-----------------------
0000000001101 26
0000000000010 13
-----------------------
0000000001100 20
0000000000011 19
-----------------------
0000000001100 20
0000000000010 13
-----------------------
0000000001101 26
0000000000000 0
-----------------------
0000000001100 20
0000000000001 6
-----------------------
0000000001100 20
0000000000000 0
-----------------------
0000000001011 28
0000000000100 11
-----------------------
0000000001010 22
0000000000101 17
-----------------------
0000000001010 22
0000000000100 11
-----------------------
0000000001001 15
0000000000110 24
-----------------------
0000000001000 9
0000000000111 30
-----------------------
0000000001000 9
0000000000110 24
-----------------------
0000000001001 15
0000000000100 11
-----------------------
0000000001000 9
0000000000101 17
-----------------------
0000000001000 9
0000000000100 11
-----------------------
0000000001011 28
0000000000000 0
-----------------------
0000000001010 22
0000000000001 6
-----------------------
0000000001010 22
0000000000000 0
-----------------------
0000000001001 15
0000000000010 13
-----------------------
0000000001000 9
0000000000011 19
-----------------------
0000000001000 9
0000000000010 13
-----------------------
0000000001001 15
0000000000000 0
-----------------------
0000000001000 9
0000000000001 6
-----------------------
0000000001000 9
0000000000000 0
-----------------------
0000000000111 30
0000000001000 9
-----------------------
0000000000110 24
0000000001001 15
-----------------------
0000000000110 24
0000000001000 9
-----------------------
0000000000101 17
0000000001010 22
-----------------------
0000000000100 11
0000000001011 28
-----------------------
0000000000100 11
0000000001010 22
-----------------------
0000000000101 17
0000000001000 9
-----------------------
0000000000100 11
0000000001001 15
-----------------------
0000000000100 11
0000000001000 9
-----------------------
0000000000011 19
0000000001100 20
-----------------------
0000000000010 13
0000000001101 26
-----------------------
0000000000010 13
0000000001100 20
-----------------------
0000000000001 6
0000000001110 33
-----------------------
0000000000000 0
0000000001111 39
-----------------------
0000000000000 0
0000000001110 33
-----------------------
0000000000001 6
0000000001100 20
-----------------------
0000000000000 0
0000000001101 26
-----------------------
0000000000000 0
0000000001100 20
-----------------------
0000000000011 19
0000000001000 9
-----------------------
0000000000010 13
0000000001001 15
-----------------------
0000000000010 13
0000000001000 9
-----------------------
0000000000001 6
0000000001010 22
-----------------------
0000000000000 0
0000000001011 28
-----------------------
0000000000000 0
0000000001010 22
-----------------------
0000000000001 6
0000000001000 9
-----------------------
0000000000000 0
0000000001001 15
-----------------------
0000000000000 0
0000000001000 9
-----------------------
0000000000111 30
0000000000000 0
-----------------------
0000000000110 24
0000000000001 6
-----------------------
0000000000110 24
0000000000000 0
-----------------------
0000000000101 17
0000000000010 13
-----------------------
0000000000100 11
0000000000011 19
-----------------------
0000000000100 11
0000000000010 13
-----------------------
0000000000101 17
0000000000000 0
-----------------------
0000000000100 11
0000000000001 6
-----------------------
0000000000100 11
0000000000000 0
-----------------------
0000000000011 19
0000000000100 11
-----------------------
0000000000010 13
0000000000101 17
-----------------------
0000000000010 13
0000000000100 11
-----------------------
0000000000001 6
0000000000110 24
-----------------------
0000000000000 0
0000000000111 30
-----------------------
0000000000000 0
0000000000110 24
-----------------------
0000000000001 6
0000000000100 11
-----------------------
0000000000000 0
0000000000101 17
-----------------------
0000000000000 0
0000000000100 11
-----------------------
0000000000011 19
0000000000000 0
-----------------------
0000000000010 13
0000000000001 6
-----------------------
0000000000010 13
0000000000000 0
-----------------------
0000000000001 6
0000000000010 13
-----------------------
0000000000000 0
0000000000011 19
-----------------------
0000000000000 0
0000000000010 13
-----------------------
0000000000001 6
0000000000000 0
-----------------------
0000000000000 0
0000000000001 6
-----------------------
0000000000000 0
0000000000000 0
-----------------------
 o limite e de 2187
0000001111110 199
0000000000001 24
-----------------------
0000001111110 199
0000000000000 0
-----------------------
0000001111101 200
0000000000010 23
-----------------------
0000001111100 176
0000000000011 47
-----------------------
0000001111100 176
0000000000010 23
-----------------------
0000001111101 200
0000000000000 0
-----------------------
0000001111100 176
0000000000001 24
-----------------------
0000001111100 176
0000000000000 0
-----------------------
0000001111011 117
0000000000100 106
-----------------------
0000001111010 93
0000000000101 130
-----------------------
0000001111010 93
0000000000100 106
-----------------------
0000001111001 94
0000000000110 129
-----------------------
0000001111000 70
0000000000111 153
-----------------------
0000001111000 70
0000000000110 129
-----------------------
0000001111001 94
0000000000100 106
-----------------------
0000001111000 70
0000000000101 130
-----------------------
0000001111000 70
0000000000100 106
-----------------------
0000001111011 117
0000000000000 0
-----------------------
0000001111010 93
0000000000001 24
-----------------------
0000001111010 93
0000000000000 0
-----------------------
0000001111001 94
0000000000010 23
-----------------------
0000001111000 70
0000000000011 47
-----------------------
0000001111000 70
0000000000010 23
-----------------------
0000001111001 94
0000000000000 0
-----------------------
0000001111000 70
0000000000001 24
-----------------------
0000001111000 70
0000000000000 0
-----------------------
0000001110111 203
0000000001000 20
-----------------------
0000001110110 179
0000000001001 44
-----------------------
0000001110110 179
0000000001000 20
-----------------------
0000001110101 180
0000000001010 43
-----------------------
0000001110100 156
0000000001011 67
-----------------------
0000001110100 156
0000000001010 43
-----------------------
0000001110101 180
0000000001000 20
-----------------------
0000001110100 156
0000000001001 44
-----------------------
0000001110100 156
0000000001000 20
-----------------------
0000001110011 97
0000000001100 126
-----------------------
0000001110010 73
0000000001101 150
-----------------------
0000001110010 73
0000000001100 126
-----------------------
0000001110001 74
0000000001110 149
-----------------------
0000001110000 50
0000000001111 173
-----------------------
0000001110000 50
0000000001110 149
-----------------------
0000001110001 74
0000000001100 126
-----------------------
0000001110000 50
0000000001101 150
-----------------------
0000001110000 50
0000000001100 126
-----------------------
0000001110011 97
0000000001000 20
-----------------------
0000001110010 73
0000000001001 44
-----------------------
0000001110010 73
0000000001000 20
-----------------------
0000001110001 74
0000000001010 43
-----------------------
0000001110000 50
0000000001011 67
-----------------------
0000001110000 50
0000000001010 43
-----------------------
0000001110001 74
0000000001000 20
-----------------------
0000001110000 50
0000000001001 44
-----------------------
0000001110000 50
0000000001000 20
-----------------------
0000001110111 203
0000000000000 0
-----------------------
0000001110110 179
0000000000001 24
-----------------------
0000001110110 179
0000000000000 0
-----------------------
0000001110101 180
0000000000010 23
-----------------------
0000001110100 156
0000000000011 47
-----------------------
0000001110100 156
0000000000010 23
-----------------------
0000001110101 180
0000000000000 0
-----------------------
0000001110100 156
0000000000001 24
-----------------------
0000001110100 156
0000000000000 0
-----------------------
0000001110011 97
0000000000100 106
-----------------------
0000001110010 73
0000000000101 130
-----------------------
0000001110010 73
0000000000100 106
-----------------------
0000001110001 74
0000000000110 129
-----------------------
0000001110000 50
0000000000111 153
-----------------------
0000001110000 50
0000000000110 129
-----------------------
0000001110001 74
0000000000100 106
-----------------------
0000001110000 50
0000000000101 130
-----------------------
0000001110000 50
0000000000100 106
-----------------------
0000001110011 97
0000000000000 0
-----------------------
0000001110010 73
0000000000001 24
-----------------------
0000001110010 73
0000000000000 0
-----------------------
0000001110001 74
0000000000010 23
-----------------------
0000001110000 50
0000000000011 47
-----------------------
0000001110000 50
0000000000010 23
-----------------------
0000001110001 74
0000000000000 0
-----------------------
0000001110000 50
0000000000001 24
-----------------------
0000001110000 50
0000000000000 0
-----------------------
0000001101111 212
0000000010000 11
-----------------------
0000001101110 188
0000000010001 35
-----------------------
0000001101110 188
0000000010000 11
-----------------------
0000001101101 189
0000000010010 34
-----------------------
0000001101100 165
0000000010011 58
-----------------------
0000001101100 165
0000000010010 34
-----------------------
0000001101101 189
0000000010000 11
-----------------------
0000001101100 165
0000000010001 35
-----------------------
0000001101100 165
0000000010000 11
-----------------------
0000001101011 106
0000000010100 117
-----------------------
0000001101010 82
0000000010101 141
-----------------------
0000001101010 82
0000000010100 117
-----------------------
0000001101001 83
0000000010110 140
-----------------------
0000001101000 59
0000000010111 164
-----------------------
0000001101000 59
0000000010110 140
-----------------------
0000001101001 83
0000000010100 117
-----------------------
0000001101000 59
0000000010101 141
-----------------------
0000001101000 59
0000000010100 117
-----------------------
0000001101011 106
0000000010000 11
-----------------------
0000001101010 82
0000000010001 35
-----------------------
0000001101010 82
0000000010000 11
-----------------------
0000001101001 83
0000000010010 34
-----------------------
0000001101000 59
0000000010011 58
-----------------------
0000001101000 59
0000000010010 34
-----------------------
0000001101001 83
0000000010000 11
-----------------------
0000001101000 59
0000000010001 35
-----------------------
0000001101000 59
0000000010000 11
-----------------------
0000001100111 192
0000000011000 31
-----------------------
0000001100110 168
0000000011001 55
-----------------------
0000001100110 168
0000000011000 31
-----------------------
0000001100101 169
0000000011010 54
-----------------------
0000001100100 145
0000000011011 78
-----------------------
0000001100100 145
0000000011010 54
-----------------------
0000001100101 169
0000000011000 31
-----------------------
0000001100100 145
0000000011001 55
-----------------------
0000001100100 145
0000000011000 31
-----------------------
0000001100011 86
0000000011100 137
-----------------------
0000001100010 62
0000000011101 161
-----------------------
0000001100010 62
0000000011100 137
-----------------------
0000001100001 63
0000000011110 160
-----------------------
0000001100000 39
0000000011111 184
-----------------------
0000001100000 39
0000000011110 160
-----------------------
0000001100001 63
0000000011100 137
-----------------------
0000001100000 39
0000000011101 161
-----------------------
0000001100000 39
0000000011100 137
-----------------------
0000001100011 86
0000000011000 31
-----------------------
0000001100010 62
0000000011001 55
-----------------------
0000001100010 62
0000000011000 31
-----------------------
0000001100001 63
0000000011010 54
-----------------------
0000001100000 39
0000000011011 78
-----------------------
0000001100000 39
0000000011010 54
-----------------------
0000001100001 63
0000000011000 31
-----------------------
0000001100000 39
0000000011001 55
-----------------------
0000001100000 39
0000000011000 31
-----------------------
0000001100111 192
0000000010000 11
-----------------------
0000001100110 168
0000000010001 35
-----------------------
0000001100110 168
0000000010000 11
-----------------------
0000001100101 169
0000000010010 34
-----------------------
0000001100100 145
0000000010011 58
-----------------------
0000001100100 145
0000000010010 34
-----------------------
0000001100101 169
0000000010000 11
-----------------------
0000001100100 145
0000000010001 35
-----------------------
0000001100100 145
0000000010000 11
-----------------------
0000001100011 86
0000000010100 117
-----------------------
0000001100010 62
0000000010101 141
-----------------------
0000001100010 62
0000000010100 117
-----------------------
0000001100001 63
0000000010110 140
-----------------------
0000001100000 39
0000000010111 164
-----------------------
0000001100000 39
0000000010110 140
-----------------------
0000001100001 63
0000000010100 117
-----------------------
0000001100000 39
0000000010101 141
-----------------------
0000001100000 39
0000000010100 117
-----------------------
0000001100011 86
0000000010000 11
-----------------------
0000001100010 62
0000000010001 35
-----------------------
0000001100010 62
0000000010000 11
-----------------------
0000001100001 63
0000000010010 34
-----------------------
0000001100000 39
0000000010011 58
-----------------------
0000001100000 39
0000000010010 34
-----------------------
0000001100001 63
0000000010000 11
-----------------------
0000001100000 39
0000000010001 35
-----------------------
0000001100000 39
0000000010000 11
-----------------------
0000001101111 212
0000000000000 0
-----------------------
0000001101110 188
0000000000001 24
-----------------------
0000001101110 188
0000000000000 0
-----------------------
0000001101101 189
0000000000010 23
-----------------------
0000001101100 165
0000000000011 47
-----------------------
0000001101100 165
0000000000010 23
-----------------------
0000001101101 189
0000000000000 0
-----------------------
0000001101100 165
0000000000001 24
-----------------------
0000001101100 165
0000000000000 0
-----------------------
5 1 2 4 6 7 
1 3 
