478642 77
478643 77
478644 77
478645 77
478646 77
478647 77
478648 77
478649 77
478650 77
478651 77
478652 77
478653 77
478654 77
478655 245
478656 121
478657 214
478658 214
478659 214
478660 121
478661 121
478662 121
478663 77
478664 108
478665 214
478666 108
478667 214
478668 108
478669 108
478670 214
478671 214
478672 121
478673 108
478674 108
478675 108
478676 121
478677 121
478678 214
478679 214
478680 183
478681 183
478682 183
478683 77
478684 183
478685 183
478686 121
478687 121
478688 121
478689 214
478690 121
478691 121
478692 108
478693 108
478694 108
478695 121
478696 121
478697 121
478698 121
478699 214
478700 121
478701 121
478702 121
478703 183
478704 121
478705 121
478706 108
478707 108
478708 121
478709 121
478710 232
478711 232
478712 170
478713 121
478714 170
478715 121
478716 170
478717 170
478718 232
478719 232
478720 139
478721 121
478722 121
478723 121
478724 77
478725 77
478726 77
478727 121
478728 121
478729 77
478730 121
478731 77
478732 121
478733 121
478734 77
478735 77
478736 121
478737 121
478738 126
478739 126
478740 121
478741 121
478742 121
478743 121
478744 121
478745 121
478746 121
478747 121
478748 121
478749 121
478750 121
478751 121
478752 95
478753 121
478754 121
478755 121
478756 121
478757 121
478758 121
478759 121
478760 95
478761 214
478762 95
478763 121
478764 121
478765 121
478766 121
478767 121
478768 95
478769 183
478770 183
478771 183
478772 95
478773 95
478774 170
478775 170
478776 121
478777 121
478778 121
478779 121
478780 121
478781 121
478782 121
478783 121
478784 170
478785 108
478786 108
478787 108
478788 77
478789 77
478790 77
478791 121
478792 77
478793 121
478794 77
478795 77
478796 77
478797 77
478798 214
478799 214
478800 170
478801 126
478802 126
478803 126
478804 170
478805 170
478806 77
478807 77
478808 108
478809 77
478810 108
478811 121
478812 108
478813 108
478814 77
478815 77
478816 170
478817 77
478818 108
478819 108
478820 108
478821 108
478822 108
478823 121
478824 170
478825 170
478826 170
478827 77
478828 77
478829 77
478830 77
478831 77
478832 214
478833 170
478834 214
478835 214
478836 214
478837 214
478838 108
478839 108
478840 214
478841 232
478842 214
478843 108
478844 77
478845 77
478846 77
478847 232
478848 139
478849 77
478850 170
478851 170
478852 108
478853 108
478854 108
478855 108
478856 170
478857 170
478858 170
478859 108
478860 170
478861 170
478862 201
478863 201
478864 108
478865 108
478866 108
478867 108
478868 108
478869 108
478870 170
478871 170
478872 108
478873 77
478874 108
478875 183
478876 108
478877 108
478878 108
478879 214
478880 139
478881 121
478882 108
478883 108
478884 214
478885 214
478886 214
478887 206
478888 139
478889 183
478890 139
478891 214
478892 170
478893 170
478894 170
478895 108
478896 108
478897 170
478898 170
478899 170
478900 108
478901 108
478902 170
478903 170
478904 108
478905 77
478906 108
478907 77
478908 170
478909 170
478910 170
478911 245
478912 46
478913 108
478914 108
478915 108
478916 46
478917 46
478918 46
478919 108
478920 46
478921 108
478922 46
478923 214
478924 46
478925 46
478926 121
478927 121
478928 46
478929 170
478930 170
478931 170
478932 46
478933 46
478934 214
478935 214
478936 170
478937 170
478938 170
478939 214
478940 170
478941 170
478942 170
478943 170
478944 46
478945 245
478946 46
478947 46
478948 245
478949 245
478950 245
478951 108
478952 46
478953 121
478954 46
478955 170
478956 245
478957 245
478958 245
478959 338
478960 245
478961 46
478962 108
478963 108
478964 245
478965 245
478966 214
478967 214
478968 245
478969 245
478970 245
478971 214
478972 245
478973 245
478974 245
478975 245
478976 139
478977 46
478978 170
478979 170
478980 77
478981 77
478982 77
478983 170
478984 77
478985 121
478986 77
478987 170
478988 77
478989 77
478990 77
478991 77
478992 139
478993 77
478994 170
478995 170
478996 139
478997 139
478998 170
478999 170
479000 139
479001 170
479002 139
479003 245
479004 170
479005 170
479006 170
479007 126
479008 77
479009 108
479010 108
479011 108
479012 108
479013 108
479014 108
479015 77
479016 77
479017 183
479018 77
479019 108
479020 77
479021 77
479022 77
479023 108
479024 77
479025 77
479026 77
479027 77
479028 77
479029 77
479030 214
479031 214
479032 245
479033 108
479034 245
479035 245
479036 245
479037 245
479038 108
479039 108
479040 139
479041 77
479042 77
479043 77
479044 77
479045 77
479046 77
479047 245
479048 108
479049 108
479050 108
479051 77
479052 108
479053 108
479054 126
479055 126
479056 139
479057 108
479058 183
479059 183
479060 139
479061 139
479062 183
479063 183
479064 108
479065 108
479066 108
479067 126
479068 108
479069 108
479070 108
479071 108
479072 77
479073 170
479074 139
479075 139
479076 139
479077 139
479078 139
479079 214
479080 77
479081 214
479082 77
479083 214
479084 77
479085 77
479086 77
479087 183
479088 77
479089 77
479090 108
479091 108
479092 77
479093 77
479094 108
479095 108
479096 214
479097 77
479098 214
479099 108
479100 214
479101 214
478642 479101 338 478959
478472 77
478473 183
478474 77
478475 183
478476 77
478477 77
478478 77
478479 77
478480 77
478481 77
478482 77
478483 77
478484 77
478485 77
478486 77
478487 77
478488 77
478489 245
478490 77
478491 214
478492 108
478493 108
478494 108
478495 77
478496 77
478497 77
478498 77
478499 77
478500 77
478501 77
478502 77
478503 170
478504 77
478505 245
478506 77
478507 170
478508 77
478509 77
478510 77
478511 183
478512 77
478513 214
478514 214
478515 214
478516 77
478517 77
478518 170
478519 170
478520 77
478521 214
478522 77
478523 77
478524 77
478525 77
478526 232
478527 232
478528 95
478529 77
478530 214
478531 214
478532 214
478533 214
478534 214
478535 170
478536 214
478537 170
478538 214
478539 214
478540 214
478541 214
478542 214
478543 214
478544 95
478545 170
478546 170
478547 170
478548 95
478549 95
478550 214
478551 214
478552 214
478553 214
478554 214
478555 214
478556 214
478557 214
478558 170
478559 170
478560 77
478561 214
478562 108
478563 108
478564 108
478565 108
478566 108
478567 245
478568 77
478569 214
478570 77
478571 214
478572 77
478573 77
478574 77
478575 245
478576 77
478577 77
478578 77
478579 77
478580 77
478581 77
478582 77
478583 77
478584 121
478585 214
478586 121
478587 77
478588 121
478589 121
478590 214
478591 214
478592 121
478593 121
478594 77
478595 77
478596 77
478597 77
478598 77
478599 77
478600 108
478601 121
478602 108
478603 77
478604 108
478605 108
478606 77
478607 77
478608 108
478609 77
478610 77
478611 77
478612 108
478613 108
478614 121
478615 121
478616 108
478617 121
478618 108
478619 170
478620 245
478621 245
478622 245
478623 245
478624 121
478625 214
478626 214
478627 214
478628 214
478629 214
478630 214
478631 121
478632 121
478633 214
478634 121
478635 121
478636 77
478637 77
478638 77
478639 214
478640 77
478641 77
478642 77
478643 77
478644 77
478645 77
478646 77
478647 77
478648 77
478649 77
478650 77
478651 77
478652 77
478653 77
478654 77
478655 245
478656 121
478657 214
478658 214
478659 214
478660 121
478661 121
478662 121
478663 77
478664 108
478665 214
478666 108
478667 214
478668 108
478669 108
478670 214
478671 214
478672 121
478673 108
478674 108
478675 108
478676 121
478677 121
478678 214
478679 214
478680 183
478681 183
478682 183
478683 77
478684 183
478685 183
478686 121
478687 121
478688 121
478689 214
478690 121
478691 121
478692 108
478693 108
478694 108
478695 121
478696 121
478697 121
478698 121
478699 214
478700 121
478701 121
478702 121
478703 183
478704 121
478705 121
478706 108
478707 108
478708 121
478709 121
478710 232
478711 232
478712 170
478713 121
478714 170
478715 121
478716 170
478717 170
478718 232
478719 232
478720 139
478721 121
478722 121
478723 121
478724 77
478725 77
478726 77
478727 121
478728 121
478729 77
478730 121
478731 77
478732 121
478733 121
478734 77
478735 77
478736 121
478737 121
478738 126
478739 126
478740 121
478741 121
478742 121
478743 121
478744 121
478745 121
478746 121
478747 121
478748 121
478749 121
478750 121
478751 121
478752 95
478753 121
478754 121
478755 121
478756 121
478757 121
478758 121
478759 121
478760 95
478761 214
478762 95
478763 121
478764 121
478765 121
478766 121
478767 121
478768 95
478769 183
478770 183
478771 183
478772 95
478773 95
478774 170
478775 170
478776 121
478777 121
478778 121
478779 121
478780 121
478781 121
478782 121
478783 121
478784 170
478785 108
478786 108
478787 108
478788 77
478789 77
478790 77
478791 121
478792 77
478793 121
478794 77
478795 77
478796 77
478797 77
478798 214
478799 214
478800 170
478801 126
478802 126
478803 126
478804 170
478805 170
478806 77
478807 77
478808 108
478809 77
478810 108
478811 121
478812 108
478813 108
478814 77
478815 77
478816 170
478817 77
478818 108
478819 108
478820 108
478821 108
478822 108
478823 121
478824 170
478825 170
478826 170
478827 77
478828 77
478829 77
478830 77
478831 77
478832 214
478833 170
478834 214
478835 214
478836 214
478837 214
478838 108
478839 108
478840 214
478841 232
478842 214
478843 108
478844 77
478845 77
478846 77
478847 232
478848 139
478849 77
478850 170
478851 170
478852 108
478853 108
478854 108
478855 108
478856 170
478857 170
478858 170
478859 108
478860 170
478861 170
478862 201
478863 201
478864 108
478865 108
478866 108
478867 108
478868 108
478869 108
478870 170
478871 170
478872 108
478873 77
478874 108
478875 183
478876 108
478877 108
478878 108
478879 214
478880 139
478881 121
478882 108
478883 108
478884 214
478885 214
478886 214
478887 206
478888 139
478889 183
478890 139
478891 214
478892 170
478893 170
478894 170
478895 108
478896 108
478897 170
478898 170
478899 170
478900 108
478901 108
478902 170
478903 170
478904 108
478905 77
478906 108
478907 77
478908 170
478909 170
478910 170
478911 245
478912 46
478913 108
478914 108
478915 108
478916 46
478917 46
478918 46
478919 108
478920 46
478921 108
478922 46
478923 214
478924 46
478925 46
478926 121
478927 121
478928 46
478929 170
478930 170
478931 170
478932 46
478933 46
478934 214
478935 214
478936 170
478937 170
478938 170
478939 214
478940 170
478941 170
478942 170
478943 170
478944 46
478945 245
478946 46
478947 46
478948 245
478949 245
478950 245
478951 108
478952 46
478953 121
478954 46
478955 170
478956 245
478957 245
478958 245
478959 338
478960 245
478961 46
478962 108
478963 108
478964 245
478965 245
478966 214
478967 214
478968 245
478969 245
478970 245
478971 214
478972 245
478973 245
478974 245
478975 245
478976 139
478977 46
478978 170
478979 170
478980 77
478981 77
478982 77
478983 170
478984 77
478985 121
478986 77
478987 170
478988 77
478989 77
478990 77
478991 77
478992 139
478993 77
478994 170
478995 170
478996 139
478997 139
478998 170
478999 170
479000 139
479001 170
479002 139
479003 245
479004 170
479005 170
479006 170
479007 126
479008 77
479009 108
479010 108
479011 108
479012 108
479013 108
479014 108
479015 77
479016 77
479017 183
479018 77
479019 108
479020 77
479021 77
479022 77
479023 108
479024 77
479025 77
479026 77
479027 77
479028 77
479029 77
479030 214
479031 214
479032 245
479033 108
479034 245
479035 245
479036 245
479037 245
479038 108
479039 108
479040 139
479041 77
479042 77
479043 77
479044 77
479045 77
479046 77
479047 245
479048 108
479049 108
479050 108
479051 77
479052 108
479053 108
479054 126
479055 126
479056 139
479057 108
479058 183
479059 183
479060 139
479061 139
479062 183
479063 183
479064 108
479065 108
479066 108
479067 126
479068 108
479069 108
479070 108
479071 108
479072 77
479073 170
479074 139
479075 139
479076 139
479077 139
479078 139
479079 214
479080 77
479081 214
479082 77
479083 214
479084 77
479085 77
479086 77
479087 183
479088 77
479089 77
479090 108
479091 108
479092 77
479093 77
479094 108
479095 108
479096 214
479097 77
479098 214
479099 108
479100 214
479101 214
479102 214
479103 214
479104 77
479105 108
479106 77
479107 77
479108 214
479109 214
479110 214
479111 77
479112 139
479113 214
479114 139
479115 214
479116 139
479117 139
479118 214
479119 214
479120 77
479121 77
479122 77
479123 77
479124 77
479125 77
479126 77
479127 77
479128 77
479129 77
479130 77
479131 245
479132 121
479133 121
479134 121
479135 245
479136 77
479137 121
479138 77
479139 77
479140 108
479141 108
479142 108
479143 121
479144 77
479145 320
479146 77
479147 170
479148 108
479149 108
479150 108
479151 108
479152 77
479153 139
479154 139
479155 139
479156 77
479157 77
479158 77
479159 77
479160 77
479161 77
479162 77
479163 77
479164 77
479165 77
479166 77
479167 121
479168 77
479169 77
479170 108
479171 108
479172 77
479173 77
479174 77
479175 108
479176 77
479177 126
479178 77
479179 139
479180 77
479181 77
479182 108
479183 108
479184 77
479185 77
479186 121
479187 121
479188 77
479189 77
479190 108
479191 108
479192 77
479193 77
479194 77
479195 126
479196 77
479197 77
479198 108
479199 108
479200 170
479201 320
479202 77
479203 77
479204 183
479205 183
479206 183
479207 183
479208 170
479209 214
479210 170
479211 183
479212 77
479213 77
479214 77
479215 183
479216 170
479217 170
479218 170
479219 170
479220 170
479221 170
479222 126
479223 126
479224 307
479225 126
479226 307
479227 170
479228 307
479229 307
479230 307
479231 307
479232 33
479233 77
479234 307
479235 307
479236 139
479237 139
479238 139
479239 307
479240 77
479241 307
479242 77
479243 139
479244 77
479245 77
479246 139
479247 139
479248 139
479249 77
479250 214
479251 214
479252 139
479253 139
479254 77
479255 77
479256 139
479257 214
479258 139
479259 214
479260 77
479261 77
479262 77
479263 214
479264 214
479265 170
479266 139
479267 139
479268 77
479269 77
479270 77
479271 245
479272 214
479273 245
479274 214
479275 214
479276 139
479277 139
479278 139
479279 214
479280 214
479281 245
479282 245
479283 245
479284 214
479285 214
478472 479285 320 479145
