100
140839
1221469
9999995
5
9999161
6865010
10
5103067
4170220
3
6463741
1507483
4046177
1862603
7
3855409
6704676
9999162
1264969
11
2896297
7742461
3910981
6987083
615403
9999929
559513
3410821
8460583
9987391
5331653
13
5462959
4751053
390548
9999973
9999972
6716541
9999998
6
8291470
4
2196613
1281246
3929879
8603593
6735763
2360890
9999931
1
5388168
8697851
3132736
1144
8763892
9999163
7551991
4125389
9971849
2872729
1403870
4461643
8873129
3023326
3323191
9999991
9999999
6537523
928009
6513281
9
8
983469
3702389
2610613
9309119
7203246
86293
12
2
4572049
9999996
8184167
8248729
6697461
8237213
9010879
9999971
1481717
9516811
9325574
4461641
9682616
4461642
9999930
9999997
3191803
10000000
3949061
4936439
