74780
104500
24794
111030
20200
88211
42056
50148
68302
90366
21518
75812
115972
83290
56389
65245
38364
33005
48807
96752
31093
72654
103450
34335
88730
38705
49874
35355
68928
44836
9777
102758
37177
26736
97152
36368
89784
41605
97648
33262
111025
70380
87100
91513
96732
62750
74918
97385
96181
69492
84745
37328
101270
57131
50654
78976
78826
49478
88229
107498
61194
113828
64737
76843
106991
94572
88760
75517
112723
67301
78971
65145
89486
22265
88041
49369
120217
23409
17574
97541
119215
53729
9214
74937
64538
51210
42849
46805
89303
106586
19813
44009
74873
113327
20657
55597
80260
87005
123718
44678
93408
51379
23757
51875
59153
85397
44587
84258
95724
84990
65636
56946
36775
58324
60438
81466
101979
60010
55001
53246
71367
43160
95267
113709
29974
76082
79402
74289
76928
83473
70716
53243
72436
122575
89517
92802
79355
73503
27177
51310
57977
61107
66811
49299
20587
39044
66216
61185
79334
97859
29916
65159
118872
110406
71071
22501
81367
58713
57738
36755
116005
64169
89175
84571
65093
12545
47175
71202
66699
63921
46828
38374
117943
36393
89852
82722
57767
49116
79721
4961
9366
100471
85518
79689
62075
72232
17510
13619
37751
57022
46748
25727
79565
59282
61563
48509
81770
24308
23210
73484
79763
55672
94801
55773
48606
74606
53196
102258
20275
7771
88687
37028
84349
53780
26317
53552
81778
40121
80045
100508
97956
98932
64781
112378
56872
63498
4420
84018
68994
32372
54761
13708
67583
69674
53604
72222
34943
71005
57360
49165
67885
110645
71663
50142
101238
81124
102300
27838
68866
41213
80999
57530
107054
63579
45468
40083
58191
32853
18711
69340
36040
91265
101016
66081
18730
42153
31020
36241
114300
62389
94336
63930
64071
4802
27225
13112
57435
75992
41333
37247
57408
97464
66333
54778
82092
97969
72146
94065
68106
68272
66112
18276
20178
63403
81241
23624
79652
72060
71519
81907
37999
117511
46080
79258
120071
54529
62772
54352
75967
62564
74670
87954
92066
29378
73974
64944
76134
55147
40204
64779
83370
12162
60999
112261
53856
39201
72904
71111
75535
64758
41594
12640
50857
70954
88134
58282
39154
29944
62608
54368
64437
53734
34399
55658
68712
44513
94990
22729
64287
30338
60051
38454
35266
57888
36412
82047
47683
116710
63471
60873
38959
68080
61293
79858
39250
121164
110607
73987
9551
56909
77431
61612
71840
25633
55096
68518
62147
28322
21224
74701
39919
80595
107055
56885
93564
20255
118974
55594
25047
44565
107308
60891
114430
14982
76572
14763
79896
73187
47456
100990
111354
37850
63598
58328
56067
67888
66173
57992
15918
60651
34950
43835
52947
31276
53310
39889
36948
51557
70431
39264
67025
49432
90893
76081
63295
61054
63045
38439
77509
101841
31241
72948
75327
74697
79988
37328
124235
14331
98040
126401
82893
91628
33194
62062
64439
93991
29376
30436
69318
69317
51914
61101
77243
108781
107206
48620
53326
29949
44417
37472
81406
63311
21782
70280
89648
75025
88951
65473
76818
77857
70689
36168
50108
61068
20237
20535
14031
49732
34490
104589
83931
58629
60185
110790
53561
37919
92061
73966
50044
63617
108969
35485
14337
73052
92986
80312
70134
86234
12593
92915
41271
66891
30595
50048
90822
47534
41974
76868
54185
70334
108368
50665
72505
34807
108839
29957
60734
69792
89615
71275
67925
57853
69081
52240
54925
81015
107260
67407
65522
127618
70837
56259
53565
78242
93359
63117
69399
86204
48842
75435
50391
45440
81964
61284
79904
99220
52376
82847
89591
33444
67111
101087
88540
22495
65249
38401
89586
56718
61888
108355
46886
69101
46341
79659
38286
5529
13951
39731
3461
65686
87304
77700
88233
45244
76369
5109
108036
59836
111128
80388
86394
21990
75105
44875
28989
73888
61328
79786
101637
34491
61261
45977
75612
69468
84947
103442
124799
83296
68366
88047
43885
64696
58638
76444
46909
48924
115681
35368
60606
69912
58238
94114
98923
117291
32290
69896
101065
69381
57276
68277
57839
44105
94683
48378
31154
73635
90879
38037
85552
66666
23598
102139
73438
48925
65071
38660
87648
53957
95188
16609
122572
32027
91323
81257
44596
34668
43238
99877
75941
87550
58332
53566
33781
49233
76337
52528
76838
44830
74589
45681
59461
54472
16607
53936
16559
71676
88065
102569
94054
64740
108105
75947
91666
99883
49239
95159
74552
79141
72646
80034
97610
76905
78174
60430
11009
25409
19846
74040
37721
81401
39644
78139
85907
31941
81543
18721
96635
49849
96962
78441
80532
49030
48973
99752
67398
97821
97426
23727
57355
43717
78084
34949
7406
38374
65741
18024
34859
7829
66017
58043
71656
92917
72929
61404
19760
100345
51487
71836
98757
41972
54879
77539
63945
121448
42489
23242
97463
19230
41755
72113
49863
58397
87144
46216
112550
62697
40555
47982
87373
9579
54562
78852
127051
121658
61555
14039
103567
76570
97772
83272
31053
54545
113939
80267
28077
61582
16743
61664
52167
34640
46887
65662
23033
69862
72217
3079
34894
70723
37766
91206
113066
116037
81757
66320
85029
26128
101895
93647
7430
80827
25148
28084
83266
15092
30155
40380
74970
38876
126477
78014
85002
37045
64506
77686
119081
69209
65950
29736
99472
82717
84174
63882
87557
74101
69591
71680
86674
78932
75557
62792
33149
9196
75423
35522
21757
82886
60842
58975
39687
55309
36092
98021
74116
57522
16794
55792
46699
64247
82680
48512
61213
38186
98998
99888
75872
53260
56394
64837
32358
37568
69195
71033
30310
48718
63654
43762
44153
97315
92626
47416
106834
70057
68597
57617
26412
107545
77262
79897
54209
31956
64988
103923
75408
83282
60037
43959
57765
71799
60350
72827
85973
35899
61086
81093
44681
48420
11452
49895
126191
89247
102777
84224
50549
49416
70867
47377
73846
18435
102103
87664
25273
61582
71468
65033
50363
84784
79968
58338
58615
65686
98881
59419
79704
93002
48096
89639
63965
60212
51100
97038
75239
67985
55948
55298
44781
80146
104590
90998
120066
60216
83402
24636
53165
46256
99767
82130
38850
54293
40456
110762
83188
6548
33812
85316
73642
74361
100759
65876
88680
78961
83289
87377
66205
98381
90977
45049
87367
86867
26502
76238
31396
108133
51550
68051
105081
34730
25681
113035
47700
49117
81376
61478
54230
93976
38531
99861
35088
71105
21035
96557
86168
19823
82906
64684
101984
40907
90369
41657
67680
7042
59796
22576
92129
34542
79156
86318
35774
83402
86445
60508
60838
54553
21195
109094
43410
36489
57411
83631
63569
89792
47849
60917
84561
119470
23037
69903
37391
114722
101570
53011
97417
54212
58801
59868
66451
106246
71755
62906
54187
115843
26297
38720
55468
40236
24187
66011
47775
77456
82811
35400
64177
58179
108584
82970
73692
70612
19886
87756
62140
105777
104592
74964
69120
38774
70418
51444
67193
57099
100098
62515
63177
105456
61789
7125
88692
81511
88990
58612
53641
70520
84346
16116
63423
36100
75210
38722
35305
76622
100473
74629
72161
83544
54587
55611
63496
100110
69808
95425
88919
51015
94518
86875
113588
48269
51002
87223
72435
74095
29791
28492
43176
92103
28847
46130
10989
86853
78057
40736
68582
56514
12439
85812
92620
55652
38062
55224
82510
76824
66458
45533
84631
27930
79792
100321
49252
56623
81690
37728
60128
75096
51710
64053
101368
45040
101659
89860
43839
56130
80319
88523
80341
101970
94081
66312
50484
92987
24466
102044
90297
47950
47347
60466
86447
37546
50177
101848
78394
26955
114951
72941
118107
58888
47866
82653
56866
39745
54253
65739
50246
23043
50090
86590
101750
38760
56458
52133
99285
63912
48880
95219
93398
47856
31652
69763
99991
56606
41774
83814
65679
39279
83205
56095
71826
89583
45673
127877
106094
81440
62682
39146
50638
53711
37862
52466
81719
56872
58173
57950
12045
103761
113622
100240
32259
87553
43140
92632
58108
35868
91589
71915
72239
55723
53535
65964
65005
65152
80702
109882
13344
90561
36734
67764
98862
45791
86422
40959
79037
29052
89328
111700
117775
86085
81347
125335
53811
120414
83563
6921
47135
45644
99779
94713
71578
60388
78285
66333
26739
38128
58964
31501
87942
48546
61020
84710
117936
39397
125936
60554
52235
73230
102969
59576
68201
53966
58554
80907
81698
71083
104144
98223
45437
94026
35080
85366
68993
65329
50070
84307
100621
52125
72922
57667
107522
44450
26368
108073
61206
44210
88574
23101
97307
48306
43031
23569
118178
100697
125050
70515
51727
63186
104355
83472
88903
26723
58845
118333
79091
97303
45275
75739
34339
76076
88667
42148
54060
105459
6762
100726
27578
74327
97753
108915
119421
46304
92507
78721
82822
78654
38223
52782
97596
16020
45305
38300
28039
67534
36826
79428
43482
66268
30093
56259
79025
78763
52110
99231
83117
68837
65853
96149
43451
71095
64699
51409
76916
88414
104229
65491
66029
41903
67813
73231
46006
73229
99383
50878
69905
78148
88311
113878
53956
24015
34691
52337
68033
83650
53979
89152
39549
111148
72399
76017
45026
49477
105221
78362
31850
63406
34290
78487
84167
38800
45740
110659
35630
105304
31991
89742
112051
47176
51195
80324
46028
103462
71278
43885
48971
7636
76653
65771
89773
92356
40376
10056
24814
19152
76045
61939
108767
32857
36243
49838
40785
56907
57650
62872
42134
62198
87062
24926
77408
53712
86016
39425
10183
45176
44801
55588
73060
59367
41187
30251
93988
77583
50028
120193
74551
17366
48620
66910
44689
71967
77712
50950
70477
63919
65835
114171
27916
85615
110630
17298
121570
86910
33848
91821
104895
78752
62958
52950
52800
63691
68185
64977
47574
67273
59831
100471
70535
94785
41117
77757
29252
37405
27045
80402
93493
99398
72649
105737
53821
68769
75997
36522
57094
81342
40259
44427
42219
96163
70385
98756
40537
69361
48391
46628
62501
72374
32364
99000
69064
57421
103855
87216
76575
59384
64179
74820
80116
26918
76398
82476
78937
64874
82109
42059
46635
42346
45330
53986
72057
93000
54754
110657
48397
94018
43325
92647
60355
93265
112858
113686
87614
47999
66551
57765
41983
97793
47547
96452
72384
99518
58815
63415
68748
48238
102087
87404
58695
100396
29618
48942
51686
58571
57305
15374
79371
88391
75789
125000
24238
104122
83484
125117
37925
63281
39323
68091
3526
84580
29280
102886
74477
101479
63206
75223
32297
98352
73900
86029
103943
68546
29931
49681
45053
58623
47237
89144
96083
78787
78501
16675
33334
90109
78440
55810
61457
50030
58802
60427
71351
98893
64290
52458
80005
104675
64947
108491
68928
89339
77450
85252
50013
64307
22068
90306
125675
71421
60439
77931
100869
81685
68289
100541
71953
107818
38419
46788
30525
96894
71022
15706
100114
62441
47665
67847
66391
64919
17229
26349
56185
72579
68429
13094
39617
83576
94938
27851
46976
32799
82456
40730
17150
106173
29862
83380
81463
76104
66535
102888
72144
77239
11323
38889
45241
65475
83463
65653
45577
70546
50362
87253
29549
37589
97138
34726
88817
59743
67231
36853
77156
58725
51220
80553
61694
91965
82517
35843
68068
101678
22803
67022
37437
22405
56976
49416
81569
98906
77828
72004
60242
73335
66930
83233
80971
38435
64815
56359
65342
43144
97276
38506
58633
12674
59786
74751
90325
87760
73692
72209
39769
75771
62837
58057
22626
62215
81352
67619
45813
100582
54230
107421
14306
90225
46458
57149
107394
54824
24512
56352
55699
73105
59874
30089
64925
17217
89445
66125
66229
115636
114441
78477
61734
52204
68240
82819
106347
32913
45170
37460
113048
82878
70747
119615
35844
49828
66498
104071
80966
94481
47069
49113
78228
54700
66046
30289
64280
53669
78241
35883
22166
38806
43966
96809
115727
78653
59049
105556
75507
89896
69710
64763
60772
79211
81359
65930
29653
67296
85259
57235
48202
112007
101825
87939
70907
37117
3831
20696
61697
50416
50417
91270
62322
42429
72682
68108
75348
35183
44519
82184
50992
44554
24136
58787
14757
79873
43827
34460
49910
37109
100213
88211
126098
87794
93743
78370
24772
59412
64395
78238
53689
57176
41195
126286
24903
98657
72545
81926
9832
15064
53062
36093
69697
81822
90230
41018
36412
70682
67203
64098
42682
56301
61010
43975
13168
39138
96799
39649
16074
25875
81395
65611
69715
26495
41577
75092
75801
121834
114798
73083
120490
88458
31361
47557
30244
97484
101294
51424
59956
33976
104859
86166
69222
58369
20492
80273
73023
75580
61900
64292
78719
50851
96280
105190
49004
23959
84153
35167
3696
68972
30269
105045
16096
60604
61192
26299
56085
109027
58390
85288
67171
42411
31517
72101
72531
64091
98251
60032
12535
31012
53361
111782
53293
24058
75513
67276
30001
39722
104859
30520
79343
13949
48468
110239
50691
61314
13268
47989
70587
70506
99688
61803
53356
29920
62000
88669
63405
70841
72974
57383
67232
122427
69792
99906
31308
87890
103931
60177
43938
58090
74331
37738
68153
85751
19727
75382
118612
21473
65397
43812
43033
39087
97514
102632
58158
32352
69536
59646
49048
52197
27736
30062
54661
89725
70547
57912
85080
96696
90414
76637
47523
40276
127406
62082
71321
124898
95470
81199
15058
114316
116843
84906
30622
49785
69888
51802
55564
48269
58251
32194
83519
53498
46438
15001
97955
51993
55958
55504
63892
38747
38367
15219
51305
26554
61130
97742
32395
72119
89632
34134
40356
73436
92337
51846
119188
10065
79790
89953
31441
76464
81004
83444
43296
29896
106111
55086
64098
49939
77769
39749
71186
107269
47545
67148
90942
103968
98370
35680
70073
61624
56956
77208
102922
119732
83953
88007
65760
58808
68288
34089
68705
70418
106063
69908
63985
71810
13120
94749
32089
58400
25178
82964
43960
59734
65532
83563
56993
41534
58722
94478
83430
109548
20198
44647
62278
81346
55412
60428
47345
100814
79742
76169
38809
77969
68745
83204
36441
70630
65162
55985
33361
77846
106931
78288
95354
61912
7947
73638
69931
49966
51694
97065
55126
64163
57946
85107
83656
88121
72390
87964
64193
65940
57288
74660
53443
97520
105212
94802
63578
65702
65340
79898
86841
72223
40055
85562
66775
34115
71584
54553
89220
14396
47314
9304
93846
75639
92586
37842
36961
55525
102683
83137
47806
54162
109396
70548
53077
70694
43975
70913
27948
113024
66695
99131
101352
58030
66869
60865
89520
75294
110915
88707
75236
35006
91137
63524
107074
77749
60930
91906
98117
45441
60156
73057
102681
23029
47243
88666
117326
76739
74706
64649
67515
115016
109942
45422
84049
112578
104620
76158
87029
59265
42650
88650
93487
86287
92495
101946
55073
57813
61825
34419
57517
64619
40287
55053
71932
84046
45416
85710
31945
65080
71371
67958
117351
63554
63879
77096
48917
60312
17814
38967
70564
45649
88721
46441
42955
69642
32843
67957
113858
73486
109337
81857
54228
5193
25853
56169
58350
37468
53114
98199
49975
102137
52763
15220
54817
45736
76469
67244
66570
72543
80475
65856
104122
88741
85026
113331
12595
80758
94666
91667
43225
55936
81259
97007
53422
85212
46838
21053
23589
62920
103153
37513
58656
28919
53118
30247
60506
67995
103304
25033
66795
66118
72593
32830
36131
22572
22165
39435
80942
101622
54356
26237
56244
67638
20391
64855
72427
58897
113610
56290
46313
51903
98894
112396
62524
38464
83675
71081
72663
63846
28307
37514
54405
52575
41192
87490
61068
63955
103067
52543
31663
36817
78477
37140
97437
46846
67233
52882
102706
107248
52114
23699
39834
33656
85846
84654
52635
88456
83537
14888
61294
74753
45584
122619
54842
69162
96336
74740
100596
51528
28938
116948
96912
52719
29486
63130
32654
22728
32684
72103
59705
50433
19014
14014
53398
106677
122743
109260
100875
64020
86989
26664
64574
105476
100088
103773
59386
64855
74437
39419
36673
76151
77670
70184
78780
10953
66520
71301
28324
81729
88606
107275
19292
102505
86774
75659
57834
68505
56195
30435
67831
109522
52403
14710
113792
63345
79546
40748
61103
112858
43766
111519
75360
44850
62929
62120
33988
23935
82267
69799
58443
75288
37928
61504
41303
79331
36752
68539
68296
49061
15595
43694
70315
63128
43492
53556
62841
20567
84284
65901
107555
112042
48035
68812
23035
127396
71080
50371
23942
109673
88196
69904
83621
68721
51702
98609
99931
98299
97494
42001
43716
77437
88901
65295
91298
91762
6392
93703
99806
76972
87897
83054
49961
64602
56791
56299
48633
38900
100521
48979
19840
40271
84837
59012
10930
51294
56100
89133
12007
34645
13586
52049
98856
45880
115893
58923
42587
62203
51512
90407
75254
40876
45992
79217
72936
101038
44848
77324
68165
92523
13484
68359
49912
21615
52566
54154
75628
82483
125752
74570
16934
4480
89754
65491
60881
52875
76110
54425
45992
85445
66829
82025
41150
103137
56572
55317
44755
88108
57722
45177
72522
74589
28831
84284
73193
63959
35787
108562
82895
43908
65710
92957
43839
89328
71003
103154
62117
92645
53809
83982
91834
64636
26802
74734
67738
76258
55014
20298
28463
119030
47246
59259
40694
43771
99828
91089
106524
88550
69844
47277
44728
98917
69886
60860
62199
38929
45013
94874
36042
89650
84968
101744
72440
65952
109840
97446
35858
72684
10841
48192
59649
46633
30060
91082
72337
96509
49082
84005
79229
56080
109104
30255
78336
60021
83754
38795
98858
99455
101194
83266
72236
75066
91118
101311
65563
73344
79602
27665
38393
63397
68784
69860
89581
49060
103204
96962
38469
26187
108702
24853
108282
100262
43614
54753
51306
112767
72290
28195
73947
55454
66157
85781
86352
81455
92752
98887
76654
65261
114007
55405
16550
72435
75512
4885
94279
71567
73219
35690
80459
97504
44774
120738
54160
46963
61721
81005
45908
54933
69263
103654
38108
75959
77137
15180
70913
60485
101211
89620
65960
87702
43025
115018
41847
49521
86037
99224
26307
77640
30968
21232
82049
39054
70221
42303
113758
32226
70344
101995
85562
91651
60160
9377
56105
90887
17446
100244
120786
109936
90060
91526
86250
104460
86889
89208
27524
43854
79366
36145
84770
24509
42308
58344
49662
28865
71804
46273
67147
92280
48212
29687
65032
73479
45167
82342
59911
40266
43424
59457
30488
65722
73897
10830
76399
46152
9080
57317
108569
11388
100065
79089
27079
3497
112436
62327
39685
90690
100864
56433
85686
60817
91384
70172
58146
119938
69002
41394
29309
86574
59783
46767
63731
51560
51607
64636
109422
80540
59271
71843
48450
29408
10633
88632
44544
65771
27141
59159
59165
80366
100644
60073
57907
56387
17778
44114
84658
46479
76386
81860
76628
24781
9616
49983
69921
60288
21705
74712
62215
70261
18406
59396
75206
20055
62165
80998
15918
108132
60758
74424
91706
35444
14637
47518
81496
39022
95854
22205
79200
32008
66859
47205
37792
76882
57749
74107
27457
103520
25450
126886
42649
24193
35649
79871
35471
13057
106208
34855
82597
22456
111389
50729
33715
69375
68501
58804
18810
39472
64887
53611
49717
65566
28298
79117
57584
96776
19766
50921
75673
24070
85993
87052
32556
82744
115647
54023
54229
81580
54919
60390
69799
55128
88283
114344
72128
82527
65702
52071
76143
76778
21112
105744
28591
26669
42989
66679
127097
74482
109328
86264
56635
52359
81097
82967
113957
58449
14218
90035
82067
66201
38449
49793
116675
25850
40267
45284
87081
104095
74366
82030
45099
113079
57999
58700
115230
74654
98972
67620
29266
70643
78604
75442
85548
82685
66552
65599
28109
41677
96485
75964
122195
77431
66202
86812
114725
52841
26714
83792
70315
73110
18142
56513
87971
78797
95016
80926
38169
69185
93221
65391
46352
31916
71528
27011
105080
75665
105903
19461
107889
92543
64996
94834
71766
41743
71515
64609
102955
75171
86206
42336
64641
94869
103591
26682
58584
68899
58898
55950
28779
66416
97322
62934
63316
75911
37769
46066
40434
52698
47539
66910
64201
69146
82072
38019
108279
89553
52580
66449
46035
56596
94105
99825
48133
53705
83849
93361
91297
87115
47156
23985
60654
19714
56986
64865
90001
61217
54860
82298
97237
40535
58311
69176
70942
45205
1397
43728
26664
67451
61615
56033
112617
59273
30986
30406
97136
113279
111330
100389
61358
24515
23465
39674
23783
83789
72160
93115
43231
38273
90108
20894
60112
90116
89459
87270
109946
90350
49561
81075
71254
23489
36922
49071
79772
57046
58772
58155
27570
40322
59720
78660
67856
52206
80695
71327
96045
15850
61809
23991
25949
34646
43389
54548
87812
23134
63850
62197
16196
78194
55264
57134
76967
71284
97670
35842
99991
115777
115112
97370
50393
59503
61603
64561
100464
7822
79358
89589
11295
54716
9518
38992
66635
54757
88678
14750
69768
73618
52920
76351
45547
61562
99866
19834
57263
53264
53112
44613
66593
31525
36481
89699
53354
74440
34221
77686
78327
32160
58716
84761
47348
71761
110324
73272
62421
66598
69104
78731
54518
46503
37664
94352
74981
116632
103386
70055
83388
36774
55949
90219
37110
59681
49538
89478
85548
94866
20743
20241
95500
44162
96043
9780
60267
58800
104081
44747
15514
67372
102396
44917
66955
36255
31493
68882
58269
112895
75796
95658
8147
47719
45945
56151
29200
87322
99293
71006
94596
83494
92484
58495
51997
47198
54403
103885
88661
119557
66480
85391
29440
101361
53489
78541
33271
84875
117179
65669
42539
76451
12703
43316
124026
83802
77933
86701
40830
65464
49224
112495
64038
37517
34008
90016
62910
54413
67440
46225
61421
58931
51509
80949
67570
102628
59394
45406
47609
44314
90213
68472
92001
65684
116070
78595
51217
88580
85753
78287
112942
53361
54072
44892
72439
83986
60758
90282
55907
7532
58932
64853
70874
99276
50808
62027
75497
62046
21037
81966
80689
114645
50950
81688
64011
36090
37334
43543
88324
109315
89998
92157
41404
55137
63357
86919
68763
63588
51916
87416
51348
96662
49766
110735
70207
58189
71650
28382
63260
62722
117527
30773
93468
28982
84172
62239
54364
84593
51604
51678
115071
40292
91313
29266
76551
99626
99281
30677
47773
24343
58966
103214
111091
31883
111718
48624
111671
61568
42182
34822
68729
35037
41092
53535
49228
65878
107790
96396
97634
52278
82333
110606
87228
113104
106414
63026
52880
44486
71728
74603
75417
19102
117183
52992
26585
94426
83157
17520
21504
86319
36028
73016
46881
90194
56908
103963
60632
44929
79572
88740
40626
55738
51646
104788
56672
23376
24324
81467
81599
82103
65005
116094
69419
93858
33824
81766
47560
64245
90014
68299
70413
71901
72003
93304
76599
78953
59083
35374
13076
28727
92569
59541
49307
61119
63532
112521
117926
55124
81113
71878
89297
58033
35242
29646
65646
70216
63523
76350
44079
44849
73465
116501
56866
67522
87506
102937
78229
50834
93587
76328
63570
53263
38309
44617
66343
74710
18971
39250
102052
83799
82532
45887
86215
77885
64415
97353
16583
45773
68259
46063
98988
48553
21378
78238
9814
82692
48842
101358
93526
79605
82040
47821
100195
59204
47505
28012
31349
55616
29089
73691
31494
62141
63972
81274
60960
76886
61083
45979
55812
70358
59164
61652
50201
64262
99371
82374
63229
33384
56572
30961
100164
72979
36867
53935
83685
97350
58468
62199
100215
66051
65786
18084
43398
81615
80189
52047
59134
54793
81904
83346
49615
46140
69926
69598
25290
43274
59092
100696
63361
95598
69603
40006
66748
24469
75568
114648
59310
116403
64192
78916
70653
108091
58689
88709
88219
53987
67851
49470
83581
45396
34040
22631
89023
64970
25940
112286
19322
48189
67104
52384
52151
53617
56880
109611
67237
38334
68826
17531
30951
56343
72065
60898
47665
43331
97787
90060
77437
16497
32947
24576
47247
66114
34471
95607
100392
56786
77543
9854
58631
30680
54013
12963
76932
47872
104585
96276
51701
69107
109882
63030
74133
40790
57968
113621
64422
53627
91151
29209
46241
96513
52920
60547
38230
48465
65200
32445
96744
22811
23807
57318
47021
77645
76306
75223
96251
61562
42114
70977
90911
9951
44319
54128
46252
89790
29158
101963
94338
103703
36408
35022
81537
54975
55887
59907
122113
75760
94198
111148
12601
104365
52951
39135
74415
113960
62242
72091
32963
24936
101393
75284
27704
35343
34315
66070
110683
47997
70413
77988
15661
81028
66336
76323
8764
40958
55795
5575
59203
22351
63739
59165
97542
41158
66754
60450
27697
56459
83930
52041
47860
97233
38168
70521
90351
75907
67623
69857
118316
47207
46822
99430
79719
13287
47429
99753
60479
79650
116886
67363
79390
67041
96117
109424
82601
61607
40873
71824
80462
11370
37685
9430
67930
64795
85863
96139
23150
51949
39403
108669
109409
80973
85805
57372
54544
64694
53148
96557
24528
50780
58449
116580
121054
38904
77581
103190
59208
107169
64428
46262
125208
94387
53702
87644
47210
101137
49074
53997
41237
47411
69381
66950
93201
40867
43190
70568
54971
100677
48603
92365
44498
79880
71044
45832
97066
54570
66555
89439
34818
70434
94774
34357
73808
76079
82996
18296
56931
75677
66312
119456
56445
64612
91314
49495
38295
44167
87878
88360
102850
111696
30500
43332
70673
80850
62781
73269
67611
47295
97913
98438
90073
87038
27068
42847
50145
112812
64392
64040
77226
89378
36902
57503
109910
95404
89118
6502
81863
39407
85313
113771
21877
72344
16816
79808
64659
44606
91716
44288
50376
106883
44315
47134
70028
50421
72731
116941
25915
120044
30015
110452
74161
27090
26214
92277
111690
94410
94798
109319
67906
39641
114072
60352
116837
62583
58330
44704
24917
36287
44066
77533
74471
88122
103032
67352
106544
41478
41139
86250
27216
53877
53680
102519
42287
88257
48912
49079
62191
24363
32033
23459
41133
1398
110977
29259
110755
38456
38505
91753
66864
66808
70107
80665
20285
36198
60684
95883
56235
71771
59555
66268
84819
15784
30095
66853
94023
60061
96803
7188
64175
105074
20814
116106
70696
74813
109185
104098
21612
57093
86761
71834
63149
107766
95230
76454
18699
54166
72917
40946
52553
34234
63190
62236
64657
110529
57345
119742
69249
49950
72019
24634
57781
20148
78606
33018
118215
72202
73105
13327
45243
40815
80589
23843
60166
54494
23198
62851
5801
99429
58934
52751
30043
68733
89488
54681
44645
94792
72732
50373
110168
65496
54087
37215
49368
74082
66297
60795
50365
45480
52505
95698
75121
68824
106627
83173
31275
61395
47789
34534
70932
86943
70895
97452
40334
74209
36554
39443
120619
62140
96092
103396
88587
67271
42906
32008
25784
68620
54657
65890
54956
64630
44185
53406
85159
123802
15567
100377
119848
37343
86416
54904
38658
62972
45851
59302
95081
54571
71199
83546
111970
50613
113747
58396
44969
10693
90083
69719
78599
99637
106148
25395
102444
27956
70856
22541
27092
61105
62948
79721
91151
89192
71192
59854
49418
76575
6160
66325
61232
100485
35567
23323
54836
44225
69849
62172
27767
40271
70719
59199
58565
56827
92463
76456
92779
19145
119046
76769
73689
79789
71856
19749
52227
30586
62712
70801
107947
86924
34855
43823
45628
66344
56191
79785
80628
115802
30110
55769
51839
98582
42265
53238
67915
27346
80189
21605
43892
45683
111808
94092
27080
81468
50647
103668
61733
51775
57648
64242
32074
94959
109083
86041
87497
30564
43601
67166
39013
57126
122948
59931
110004
38318
99357
75343
54134
60531
83709
62593
56944
70728
15251
103772
73940
76874
70783
55524
72889
75768
42655
110687
78246
26453
80486
41735
70146
95085
57838
81340
72819
65203
112254
90345
98590
74022
37088
37883
21639
54210
103182
72167
88423
112902
66823
80943
65722
96241
47042
37961
93866
80971
37536
66410
95210
78365
99393
27869
56440
49801
54389
25704
33973
46031
117672
50677
49846
120492
90734
47041
66866
47328
97796
52867
20426
48948
77088
54941
57237
83908
99807
62239
82103
27573
58943
64945
68441
41171
81500
47706
112087
43276
48462
125073
88474
16492
30973
63929
20615
72411
20806
59970
97844
94571
63836
8600
66769
76117
74046
66548
64897
46492
68714
69209
72415
50780
72079
55590
98003
58640
55361
73962
96772
94376
91563
59159
83939
110153
21629
93588
56395
26148
83723
52925
32074
73563
40279
78751
68925
113675
18019
38339
30641
111732
78232
89415
45337
63295
75698
45489
93409
59900
86240
60038
66439
57423
75814
78049
40728
75104
66212
93284
21658
82720
107410
38777
84723
45124
60514
71446
78334
51487
24561
18434
73599
71238
74484
76264
80801
50465
32044
115876
62940
34734
41114
69603
98782
34947
43885
68659
38355
105266
56205
36990
53499
62607
47509
29549
54370
112464
19056
48568
62472
36789
46825
16650
76668
32566
108470
71328
65836
30982
45498
74259
73109
69342
92878
68235
8731
78945
78740
54077
48851
17078
80340
94565
40474
68886
94782
83376
101710
17453
33813
46655
41368
67651
63738
74764
65077
60878
52082
35640
44759
62729
43447
84592
53918
101609
54153
69576
53867
56024
95152
60998
43610
49928
78844
72585
32220
97915
42878
100324
74068
88026
78425
83438
31598
39900
91527
110872
48258
15189
14764
120671
110288
43525
98708
89830
92486
41182
35743
41280
63250
44134
65799
119980
72226
79841
92707
51600
11860
27268
56630
91736
89716
42783
75231
87994
70283
16520
65086
85004
30591
89063
79416
6704
108630
53614
95580
88681
67956
82389
106845
42756
121050
88753
66437
70427
30110
85109
78394
33091
19180
7859
63087
66872
34534
34788
53376
53234
39594
57901
65466
55678
37079
68929
73670
34355
106327
95735
109643
69971
66142
79399
76498
71319
61973
23739
24995
52476
26681
70097
55670
38639
89507
52842
117428
33836
82717
48431
72085
4222
83930
48799
72760
50640
54762
61309
62794
55531
84362
53023
110078
64395
28143
88328
53540
68292
73935
78621
43376
91079
58218
105117
92500
43420
77277
111600
80286
41995
53740
39003
46089
56922
47882
52702
49159
38520
70046
74992
92702
9622
36743
70153
90950
55477
24347
64703
98522
56110
41858
56587
55184
60258
40201
52967
85834
60221
21915
53603
82296
58918
82971
71390
89215
35273
49490
95200
55983
83824
71963
93246
78384
69761
43352
42658
27972
46684
43111
20533
19171
85487
46638
89342
64591
80813
96938
56209
18933
99911
55871
71805
43559
36422
110117
89209
41705
75067
97116
53943
34939
48664
67752
21201
86076
92661
54668
16904
96813
71541
30103
81839
57211
65661
47137
55695
114634
47370
67767
121938
24562
39134
101552
39343
76948
96719
108752
86041
125711
78799
35641
29504
76007
42224
44999
69781
95281
86960
72035
101722
61183
110609
67047
76975
66178
32709
60973
21962
63823
101685
100653
90078
61343
55090
69071
87626
68256
101433
72290
59748
51881
63369
68251
18393
112912
89247
73846
78097
41381
93821
69746
60790
67228
67468
55156
81376
101384
99807
72283
20632
65739
73847
72540
108911
63498
45219
58797
66602
14205
69932
38791
59006
63184
74271
42640
48777
31270
36034
73273
60112
75529
82496
51511
62176
21491
95857
47173
90700
48241
26985
88041
78007
69875
54606
101639
65176
61217
82888
40751
68351
48411
60782
95858
71021
9495
49598
88391
38852
74776
88829
110124
33544
37644
100511
69018
51190
83173
97842
26030
90302
110958
102025
97190
87763
38238
52710
44807
84238
66173
87663
73556
38659
26322
64106
93107
22465
69879
63834
51513
37215
64090
125645
54292
119776
82359
104644
63468
59341
72408
67157
73121
41094
30349
37618
37365
49621
107214
68638
106253
100766
126699
65364
104053
14872
102649
97142
37660
75825
99168
49041
74465
58996
78047
101654
34093
51559
65760
64464
107283
27663
97822
27769
70527
87586
64288
72124
16099
69863
93718
770
59775
81527
55234
54100
123408
26831
76093
23075
82540
60795
47806
62834
77752
82382
81441
109893
37534
51149
42276
111917
73672
35925
44144
71928
71366
56503
67150
22644
67799
60935
14846
87435
51997
55816
53142
67486
82449
23770
70483
92629
43136
108397
63489
28110
103658
53136
11868
70596
52237
51047
64349
112937
75540
75440
75079
67334
65246
37895
76117
102487
94013
80041
83314
27995
3491
33081
58015
56326
30052
63886
40361
80592
62293
101747
68278
69888
59144
97541
57215
106741
47683
62509
94650
56834
74369
54139
61768
94759
90085
95627
70900
37595
76569
26476
39688
82872
41025
106501
84825
59236
106181
27030
20499
76246
27459
56597
25957
63197
88579
68148
17696
53775
67631
61569
74996
35583
79062
93511
91919
52833
47373
59276
50085
124864
63764
62577
72552
96238
76962
43906
27100
53786
60031
43082
70084
99286
78788
86372
76104
64653
56872
109365
113779
31108
52590
74389
61827
48159
119311
31411
108617
90933
76311
45712
70404
87035
22721
120901
86546
100551
57657
82074
94785
86475
65107
82507
48939
93254
34245
56632
87486
58755
59338
110839
75251
69157
49661
77259
53016
59906
88506
26379
79150
53773
61505
43005
49838
54904
18572
71323
10894
66852
82625
99557
3536
32360
42003
65750
67070
68617
65739
104210
94378
121377
92420
50147
112481
128495
61771
25239
37879
39271
41279
109609
69616
49171
37905
105061
73373
47665
103496
66889
54353
49497
69756
62373
60603
17841
88829
67771
59835
45261
18829
80476
45874
112942
20337
28256
73614
54791
41699
103971
57669
52185
120086
30126
57159
38934
127589
93551
64844
101336
62694
107577
74952
22161
52795
36698
27887
39811
88893
93790
75383
68475
60359
121477
43693
77709
21171
27212
83006
57544
19939
65977
77981
106446
49173
38613
22265
51408
96215
68849
32988
25050
53531
102543
29377
94828
34917
67588
86197
111036
9579
75854
45134
40539
52409
99113
88037
45776
97086
47274
72013
98604
70130
23798
66155
39757
28300
92789
83425
65745
73273
67713
87889
56137
64202
18571
37601
8541
50266
97696
107478
57898
44891
49743
52381
89400
94774
52214
101623
103096
108363
50328
65367
86095
91829
52483
62647
76622
41897
82072
97177
106036
56904
50746
40724
36780
64647
65340
21619
60764
43836
82220
33880
38821
19801
108576
80348
74731
30461
58865
60802
110867
42846
51693
59076
107803
84569
52173
98402
29723
59192
45225
90570
26524
78786
22409
24850
51576
77409
36851
102133
97234
37885
28561
71328
46492
113799
91409
25639
78745
60319
69743
76920
86919
125286
62778
86028
89050
54054
42841
86994
53271
71971
68921
37835
22128
57036
46425
63229
35777
98917
57052
71188
111400
45859
73675
74277
40061
46189
75369
28293
97841
72713
82816
84331
64388
43125
39392
66678
95679
58914
39128
94138
79128
90693
34643
12218
51691
78167
59319
85090
40760
77178
42318
109026
74787
43334
59328
67153
66051
111725
40733
61303
64314
31407
59950
36130
62464
98772
74012
103398
45588
66900
82566
17135
47786
109218
31970
73148
68902
62934
34330
72006
111587
95498
63505
64426
83210
29062
66047
80489
102311
52979
84263
42224
92020
60521
60427
118609
103614
75802
89079
5265
68797
82285
23138
106600
78653
33197
55923
107428
50774
77748
58742
62966
40731
62955
74841
25048
111958
51937
54415
107776
16256
61436
5850
97692
93480
76539
92460
54985
38509
65775
77077
95241
61998
97806
68630
114850
84991
85514
84347
46117
66892
20821
46753
50036
68640
50718
91883
54663
89636
22944
54026
95386
68917
72615
50091
53939
73240
32592
77063
13723
68425
43290
97877
97071
67981
22271
78040
86737
99038
50006
105584
33148
54259
69459
79641
58380
62518
56921
88684
47634
49661
28464
114990
100059
70211
63023
83827
48647
76325
112225
44210
45978
17502
107236
52361
6496
94873
84773
78837
82332
46623
59747
103244
67108
88089
58400
19501
53523
64374
95225
65896
27164
117175
95119
96762
78442
55063
95425
77973
103957
63926
90597
27168
61539
89335
37567
68507
85547
35896
50299
78857
96918
65958
52783
62084
92673
58487
54614
93536
64457
45139
77655
56858
59552
44925
68051
71965
68374
29882
53098
54598
66893
76214
72832
68433
85788
55052
21415
41756
69467
46956
54023
80074
46962
58453
14259
71500
56983
48275
84362
92445
77333
50837
47058
45079
54678
50381
98689
110336
86482
74932
53173
82775
123452
94443
89642
66835
47004
93106
84706
42092
45837
60237
75656
68249
93624
103686
27927
77164
44543
98791
29839
36551
47420
61798
60489
100197
78376
15391
52406
95977
13420
99755
68406
122057
61789
91801
51797
100721
87088
26079
4574
46326
54163
60112
111738
62529
49148
4476
78977
107055
91583
62306
65697
18885
27179
49973
101490
98516
60857
36059
64208
58808
42741
80310
49020
103728
73515
67710
58370
25495
95458
55749
42842
81117
38941
30901
45276
97773
49376
74943
88173
31315
78634
86855
41243
64760
96990
60166
92305
68527
15459
23123
56680
48241
55636
69207
62654
82223
4441
61603
105472
90094
79845
49518
50514
45184
60872
79775
85652
91635
87983
82922
64317
76743
122253
73326
87999
95769
47706
28533
73410
49810
40514
68568
66637
58933
43372
58792
74702
47843
23488
88403
112901
95452
85419
39552
22627
22490
18957
11714
57069
76524
57490
28608
46228
63943
117622
13561
104693
68179
45990
71484
95424
66972
34686
69070
8969
44685
32707
90678
53462
47731
27509
61127
32016
71051
92580
43427
92779
99299
48875
63598
40973
65344
67382
69819
35098
56775
96674
33019
92993
120327
62881
42889
60336
73018
7904
40169
61809
45432
86177
90773
50724
65349
37336
109716
86147
88655
36668
59360
68273
46174
62126
72921
55587
47734
111126
47633
56762
85624
84695
94761
74818
71322
43378
113691
64199
78573
18988
93690
56810
123819
84759
49287
92924
58463
129976
91795
103653
43319
79475
59433
78270
87232
52319
66337
82311
18431
53555
60805
84747
74681
41473
18970
59157
63178
115727
87825
39217
91121
36210
60498
83220
94256
23273
92342
40260
16441
29727
113798
40026
35014
63250
82954
116688
49930
62524
99060
52700
91501
25345
29918
63853
79807
40969
27587
46784
5870
63655
56204
92414
103718
25222
79650
34436
43460
52138
60511
58532
79465
81080
63051
54971
87485
36999
42915
55146
62420
21924
94711
100802
23130
87670
60705
87623
26061
97005
55196
27292
45823
91160
117062
70453
18125
91219
35614
54647
65808
81258
71982
67384
19604
99353
116789
90192
14266
37810
88788
59135
49086
109472
63186
47027
98796
85136
74623
74057
61532
65587
109270
87735
54193
56039
78168
59724
42017
68601
98125
66295
64430
21037
76071
41863
125559
72209
15960
121212
116907
97133
74523
48414
71242
32487
90264
65409
20171
49072
3527
58651
74999
114483
48416
51881
75220
60517
66039
61298
53986
46443
57281
59352
46668
119273
88523
29892
66733
87877
35159
93218
126543
83819
74581
70578
30937
65252
128274
50261
22593
81638
102183
92003
97408
110547
39588
41233
76867
115960
31785
29788
103896
63515
96228
44861
39783
58418
54248
82283
50768
97617
66835
71514
81199
75823
32520
51650
66557
25100
110757
95926
28817
64961
123245
75396
95846
22624
22301
59845
86939
35416
66985
115424
52434
22213
16180
70070
83323
79716
81480
38564
15386
86149
75829
70929
67054
62219
37626
30330
74859
83061
24324
118682
91148
9151
91728
38851
29625
93467
49115
116562
11980
110977
110582
81096
63412
75291
48377
47722
60359
102902
67320
37482
68335
24499
89242
114663
78797
10744
30102
105124
76732
34750
70851
52448
49464
59959
80638
78235
37989
22681
44711
46080
99922
30916
64199
97025
79258
77650
28668
47450
58706
75647
63187
32197
67981
57522
49252
82536
50397
48890
61566
72568
64542
99907
75210
112573
51785
61282
61555
105207
89537
101927
35269
81701
71856
122929
43627
73415
95978
40033
17857
47114
109062
99502
60613
60133
46640
95233
37095
55641
36982
68433
37107
108392
46696
27014
110564
105784
89328
18389
85818
52654
99291
112982
6413
76108
60122
55359
35874
49664
75981
63522
19818
60173
112242
98500
63729
26939
86772
107803
80070
85685
62687
117008
71349
118399
11857
48235
98842
108086
45462
45481
42987
35344
46194
39670
76096
92514
64331
102467
80442
77625
74962
65818
38405
86330
57624
81710
97434
115281
67372
88483
58487
42137
81355
53461
122272
60056
71686
88907
46423
27854
35640
68423
51525
66378
122417
61076
49703
59689
77476
114058
50540
74995
60005
53027
35722
82884
33838
48234
74067
94820
114937
26111
16289
94144
61291
8466
29413
35384
86097
90591
57525
81692
29098
78675
34804
25918
68160
64006
59060
80108
33835
53100
43355
88326
92464
86054
29586
75702
71575
44282
61635
54275
45942
62502
33325
84594
117942
52484
74589
78451
79633
40519
83906
30575
63163
81403
40832
40450
28108
78537
84497
41016
33297
21394
109405
87341
90751
117552
78575
53648
69158
64781
72035
72768
99976
226
90305
91640
69361
70099
20204
51491
108061
91475
63020
79270
39140
60161
80382
41662
18052
53659
77492
51029
76570
36408
29846
26602
39374
13983
49703
43400
107739
23057
35908
58177
39934
58675
96847
80846
43029
90685
92498
35829
45308
14508
101571
89354
89819
76623
75973
95843
100812
56435
105178
50994
76113
71310
52226
82529
94546
94230
115633
102749
126268
29737
18491
30651
115324
98559
60335
45996
62809
46978
59122
49712
48654
99857
75203
97521
49895
85025
83392
40474
69049
40341
66710
52402
44521
41904
80770
19523
50840
110510
100538
39813
94268
74580
53987
69395
67511
116952
114207
55148
15386
49456
117506
71118
52278
96237
30876
85963
44171
59653
101982
32673
76289
50966
39164
21442
92755
29913
29354
111410
74184
116643
8327
105317
106170
48663
69296
41426
24935
38019
117305
34145
89763
63206
73355
57040
49847
104123
37495
69023
49738
121482
105120
45532
71313
29082
45480
97182
39549
50221
72707
11280
41536
86238
83499
112329
22088
39362
41380
39347
75920
38740
44915
3596
91259
56433
63133
46694
69143
97026
117064
58304
98460
92939
58319
23450
70154
104868
21060
90444
63796
87390
107038
74692
81786
65842
40788
93143
61794
75552
4901
30924
77468
51288
35191
62382
91289
71037
96929
44786
101287
86306
99002
87321
71440
84515
92699
39070
75607
93402
120560
62289
65361
67831
47409
64424
84747
62632
40704
41914
25672
51499
42796
89095
68880
81885
59576
61759
59689
38836
112489
49712
117907
63662
106291
42989
44735
74843
94468
70493
70649
86273
63433
61117
47763
90816
101788
100028
36238
28159
87616
50812
97912
76778
23530
40017
13986
85668
63577
68561
70735
70923
104301
61732
25978
108035
27277
60542
73531
62981
22063
40186
42594
64777
72091
88293
31331
50101
59403
75222
55048
65694
53045
22627
79585
74723
32525
93762
54862
71216
47810
84069
49717
37212
70773
90018
34503
83935
12835
77735
43548
19942
16411
69220
52314
93341
89797
77410
81450
35140
40318
44292
70102
62793
67982
54339
42460
80333
104125
81551
75021
32309
78533
17259
51679
30463
73805
76250
93796
107625
80474
45766
66802
54232
94439
68518
125158
69753
41688
112833
106019
45704
27119
41011
114562
69251
88040
44102
19892
47018
123037
84802
67700
53646
72680
111268
64838
60826
82444
62059
34992
125639
81888
117138
44590
25871
67810
73459
93646
57656
42057
78257
67292
49807
54594
58466
69340
39545
108240
94406
69590
112402
73931
31919
52810
13431
36651
118916
57472
81348
28866
59945
70317
78644
42816
93663
97715
55759
43480
60254
30502
70056
55353
96495
95258
65888
62144
90628
52824
38560
37169
24298
101346
92276
35481
39092
60142
52715
25123
22874
100168
34418
71973
62025
108821
86057
38942
90146
95064
72205
92662
80955
28851
50747
76146
86517
67513
74635
58297
59143
72130
75205
51868
83885
41737
77470
14115
122592
58969
42659
22082
61294
71201
82141
30102
36885
82377
77325
61935
55251
22314
63043
35093
29914
91120
77655
111544
57875
51238
67874
34431
123414
97409
71985
76282
46466
81608
70505
43475
63984
106070
48752
69503
56598
74491
52438
58859
94922
119046
36821
107928
75649
93073
17525
28184
100292
74980
31387
66284
101714
50545
80886
107325
59390
125485
72850
90350
79270
47142
96114
59382
26263
26570
34598
54850
20039
69677
77044
72834
57119
116075
59889
47606
70812
83559
54879
23597
49188
104681
89223
69399
36735
123515
73338
72856
104390
26398
23628
108962
59900
69410
85070
46571
24243
101870
59601
38920
42693
54378
72222
93076
20227
63602
53658
59645
128742
28310
92510
42773
82832
29366
22360
73959
18197
90684
51186
104800
98106
83348
111202
74351
80353
73112
51712
71017
34978
103934
65731
63885
26084
82659
91872
26379
58770
9355
51995
109682
33691
28369
90515
84072
49686
78414
122538
60530
65538
60268
38246
51681
18759
34595
45421
92666
63465
74563
52011
104459
70760
98777
62174
58238
50315
75056
85150
18755
92395
22779
93130
92229
58376
80697
73407
88750
92558
65526
69358
37942
62866
19958
73861
63236
42687
6738
100926
99061
82961
18400
50867
122233
78417
52259
59203
40775
70189
111413
38546
43719
26469
120400
24025
47416
74428
105751
84929
65224
63613
63650
63202
86947
78792
52489
60292
110698
49012
37894
105781
64611
36922
17616
109652
16278
77056
62074
39727
17239
59195
60637
53042
52595
47997
31675
97453
91311
26292
65662
40441
74028
68916
73702
79690
37369
12755
101548
26225
40213
25183
69547
27834
44666
100380
92673
50593
88039
39278
48874
60902
62325
97647
100822
81866
17345
70868
57897
109972
114813
76336
51940
83889
33355
113216
79939
59817
74306
77680
62550
35604
89783
43821
68533
80144
69061
43690
19388
56063
81434
54859
85252
93128
46788
74537
75920
51856
48209
81877
55383
46165
77639
46829
45639
65463
43667
99400
72184
55765
70898
53560
78809
104285
79143
98850
66960
55409
33015
91944
95195
88367
57454
84301
43030
52254
70853
88448
100553
121121
82387
8514
42958
14936
70966
92155
103367
80960
52636
97646
38420
64561
32070
93348
79720
73649
97709
46195
29258
57119
64585
26801
63246
85407
97490
69614
43988
50434
68319
123895
46272
64446
66642
90138
98057
76612
61434
60816
45403
105099
55234
46001
97497
50685
83284
68960
109197
93527
86361
37868
55566
37254
48327
100495
102551
28402
39258
99692
104545
50128
73827
15831
43576
67035
78790
9629
23202
50812
61644
64563
25665
82487
83263
98566
42337
79387
121273
26037
17195
107768
38190
63367
118132
79910
97715
54813
84839
46366
51895
43447
78790
74943
37383
101518
34924
36481
117792
53347
42404
69359
97776
81312
50963
24990
18119
66031
52137
16550
46112
81180
92453
56007
67496
59660
36670
68228
69184
78387
29520
12926
83576
68152
57974
62036
55237
105067
63310
93819
70114
67914
108962
76897
25404
33581
72621
35286
73438
45755
43002
72489
75757
10060
73880
87314
75633
97952
112739
31696
52760
65530
53423
66384
84680
82973
60285
55058
68978
16041
98913
52478
105743
76251
67028
118362
102366
55645
105307
79664
72251
37973
48658
101209
33852
114689
77039
74310
84589
43446
46510
104559
35242
59437
43934
96496
21282
116597
38744
68741
70318
81918
91365
98907
74905
67113
55592
52527
74105
75787
125806
27362
68029
41687
77574
78366
43079
63388
56736
92002
83504
110331
78544
98960
53043
66878
88844
45529
95580
70584
78746
88687
81854
63024
33698
83594
65748
78714
25812
51657
21790
24616
62116
64516
73955
56712
57912
45415
121039
39746
36349
98993
23063
93915
100409
59975
55865
84359
87770
113811
65513
40306
42681
50578
93689
81250
106134
22993
42834
72650
67813
49494
108088
47806
93162
43720
17341
41808
75509
25861
77140
104607
86161
68317
56439
53670
88560
85017
122138
44387
98685
51927
66756
88301
64979
56213
58142
52097
74501
53477
36985
34436
88975
24823
92665
67467
69067
71983
5120
31658
79785
83688
89120
76956
6679
62963
63831
79983
108289
65659
46146
71699
21513
95086
77617
88756
36172
26808
62102
91572
72675
10458
64221
84558
26206
46093
40763
59032
88434
53966
74787
63094
73708
58517
29663
65932
65740
81735
62996
74588
87265
56413
51404
114593
51467
92935
49803
98842
87089
37271
54826
79674
52278
6718
25251
52022
54275
65377
56786
44154
81437
46175
18996
43188
61377
36938
31153
66797
29023
60162
106604
114940
69984
42459
62117
77040
89748
103354
76699
102658
40950
75643
37748
58537
58122
38133
78203
23868
62506
63270
54964
56981
89078
63563
79129
66787
66222
96755
112342
67501
55426
63968
56873
102281
65909
23614
65576
79375
38277
65771
83518
37532
72076
69426
89257
107528
6954
69505
105354
83461
32625
39015
91358
120869
71950
46813
45720
38290
55289
19789
82516
86566
113800
80644
64472
71952
60619
91731
56513
97875
94432
54772
88528
68351
68406
75094
87594
99407
34207
68256
90678
48336
74659
67715
45497
23430
68122
75551
69012
25970
69344
36088
122662
54565
56257
86522
54201
28011
47072
102649
60032
41110
99805
65936
34371
123132
71499
71292
111682
57383
22679
74526
101130
54049
73915
38641
63163
54571
54354
107031
78166
64456
39408
114900
57924
84569
90880
70118
96025
81247
63486
77944
27169
70707
14032
46230
59518
75592
32627
83249
82216
27918
75191
81225
102740
56233
14381
70290
52442
67264
77861
25844
122995
91659
107107
102165
44091
60612
74077
102969
73024
32735
73309
87096
71502
70364
83768
67244
86583
91854
86259
80827
12568
99051
53400
79101
54913
57421
30362
51845
61706
94391
95402
74555
23196
59718
18529
46485
108831
81247
47332
47973
116300
76793
102452
88860
28978
102873
37103
102821
73764
70861
99879
58845
60221
67381
51930
69858
102296
45288
84610
38295
90996
31055
65433
7692
79826
113923
60504
66777
50198
66009
70809
50856
30726
57277
65933
53895
63398
7281
35375
105276
70483
85718
53237
55031
17750
114177
61566
93654
56982
70527
69112
42263
113210
72108
40118
64197
82081
47504
29828
40217
78647
34722
55391
39764
95238
34838
76804
43603
29875
55884
53502
37905
60642
99143
75789
49691
81480
55361
37256
59078
29666
62273
113270
31626
87178
51334
74990
46163
99297
97041
57994
56544
25139
78515
63643
106956
77981
50543
48550
13570
93810
57496
53171
87556
22082
78951
27588
59188
33712
52062
67022
79418
94120
34183
75370
83449
71260
44414
58268
35023
54640
10291
77629
35928
88473
78985
38476
58230
79422
63007
88055
81067
85680
67076
55033
78139
55878
53994
63315
112260
70330
104651
46198
83206
103184
64430
52036
66535
32470
98092
79462
76828
84984
47534
97810
78160
64193
97716
24223
55974
40183
63952
26862
75467
44532
57475
85251
32331
126260
43425
31294
87102
83136
72916
89744
85490
48358
67618
14943
55806
99921
83201
121572
76643
94841
74050
35884
87930
69751
40556
37526
88542
15879
57021
61160
60784
54642
49192
88820
88930
51308
79102
53915
38879
18199
35679
66162
74367
18841
71225
95801
118970
64123
83644
64338
75611
76934
76071
62054
83489
54422
91142
59847
50761
107427
120535
101621
77665
36817
38051
34665
67288
110489
87582
73658
110544
90793
54354
42523
75363
63941
37289
66812
80749
26907
47756
69413
57364
8975
35812
49263
39682
62506
73946
42118
74497
77099
16755
86111
117508
42253
105661
52988
68507
64406
4602
77248
41440
90347
24392
21223
83708
51689
70411
50597
52577
122570
56240
61500
77684
43879
47520
48552
63205
23899
62264
35929
97493
68470
64994
55469
62254
55589
18449
104519
80184
20179
75119
30325
49391
91540
47198
66568
84988
79928
84236
50139
106099
24609
15589
103495
70399
66414
20607
119695
63483
62332
21973
26416
58653
97205
78046
15615
46655
91164
98448
91796
115172
51603
19514
47088
100641
41408
107393
87918
35824
92611
14446
10829
99493
18780
78722
49804
52612
70028
54557
75338
60773
41347
108907
116633
16543
68264
102687
35980
38415
61564
26771
27137
118516
32844
91266
77984
67958
60872
68287
83164
96048
78706
64656
84210
67287
57073
18573
27186
60862
47778
110898
94153
56543
89694
71138
108371
114514
94457
98030
37999
47063
7169
58831
38535
41653
84126
57170
85342
31987
10316
74682
36314
84896
68175
78679
65074
97878
75497
65294
54097
59844
78645
32460
118184
120947
121321
100080
119391
61901
48408
69738
23728
54711
92541
57944
103885
81605
53793
45155
100597
75896
25248
22337
82028
71037
66893
29981
66717
109457
83439
92678
31473
76709
67760
6523
43471
110775
86757
60347
78327
24200
66799
65292
51354
77451
121632
39194
47876
50549
61374
38754
44343
78154
49243
91301
37327
42265
84462
87483
85107
83976
31856
31331
107382
64672
30539
52163
72291
103686
61390
36740
97449
26063
60449
64150
86589
56335
55816
89219
30954
98693
59661
32308
67160
117663
73388
87059
26162
45176
30612
28978
108966
50940
59111
66626
41251
53558
64000
105443
14308
48102
33141
83835
63586
83259
48561
122718
56365
68783
54026
79293
68497
56018
69821
40902
86086
54591
53751
97408
73911
66271
103143
67533
19250
83050
49291
57434
32417
18202
31539
38773
49953
48261
25629
85335
22699
54080
87702
68326
118754
70489
70033
62109
113839
60940
105013
47287
73322
45468
112738
73815
36287
83212
38306
33770
66675
60639
47021
77364
72301
57796
17308
103347
115862
30819
65099
120969
79089
40702
66667
59991
71169
49726
78038
53793
63205
78318
103224
60488
16538
84543
56066
57375
79890
63338
52554
120764
74006
75955
85793
31732
77275
97045
64269
38513
99134
85675
27540
43830
79708
53986
71148
87192
82001
95438
31263
39828
38144
18542
92344
61654
102405
39615
70805
58775
67467
118585
65874
37386
90171
28654
56374
44196
68214
63414
77011
107881
93165
86481
67410
64719
95351
92692
25208
61387
29220
48318
61983
50364
48930
91820
99889
39515
63376
22773
63263
53224
113130
68352
63584
72741
69683
25699
119680
61781
53621
58620
43113
75787
74666
50283
19155
58407
94403
42949
42329
8392
63412
110466
44182
69208
68373
70875
89346
95037
20211
38078
73697
10304
91371
66457
69590
60966
85765
72969
69061
53885
70387
67604
93362
70941
20638
62900
48414
114528
70421
41674
69722
46297
44049
52243
59676
91187
53659
58109
66184
52570
83746
76176
61889
51529
27366
21870
30565
99720
83390
68484
74517
71281
38161
71347
48282
38886
39649
52874
23140
90006
100315
16591
14512
115147
64413
94802
88409
74729
45452
69906
67956
71158
107953
24781
81778
95748
29658
28891
108686
58744
66466
74061
45520
85298
46916
66066
92182
58330
84900
111606
43501
87986
69478
60084
68433
37466
19475
68519
100881
39566
78738
64487
72869
99921
101707
77251
62324
106561
87809
34506
60652
60552
96028
88511
115833
23036
42718
86781
49991
38375
73797
63629
83853
30780
93058
13027
40274
97375
39166
22317
42000
128790
63461
63962
97040
40375
64525
42009
4867
48502
62569
61225
90265
55596
55834
56858
62950
94067
61025
89723
112241
67066
73548
71785
86436
45056
56218
48259
58779
119660
35191
71773
118798
73939
78992
47355
27958
24127
55173
26515
63631
95664
65857
72367
45534
27581
24967
83173
77623
65933
53205
69884
91915
60060
40194
68709
75476
95429
112608
40486
79762
21639
78124
89704
80654
76640
101759
114463
16977
57905
33465
60754
71765
93284
21447
49897
87359
31904
13127
92629
68419
42291
55752
31879
110985
81206
79089
97511
77974
65186
73091
72744
100224
75431
64872
92241
38506
117860
115785
54802
85071
94941
84303
63764
56924
12725
60679
76449
24008
60014
21962
57382
77788
75820
58616
50251
34403
77965
88872
123109
47715
78194
57638
42721
30014
43645
70684
74520
32105
106023
87239
75319
53767
90137
92813
48328
103468
16893
100647
97430
76909
93542
47916
42052
29510
97652
56735
56509
46171
63432
49633
116170
48439
80597
22970
57302
55219
18094
69480
107749
96483
45386
58478
86900
35137
37473
70328
111701
29618
45243
91236
77428
114360
66989
83134
4111
73190
79815
64468
60703
25794
85666
27713
65306
9991
47458
70626
65461
45667
79550
97115
15908
128887
39685
57322
44577
53979
27376
19180
50772
59744
74844
30951
61078
74254
70527
61281
52341
45395
104700
58377
51044
54456
73408
91339
33264
75248
59727
98243
43425
68441
78264
31780
55836
74606
93124
83267
121744
105678
68668
39315
54201
28348
68646
54202
64705
65156
8811
53411
121696
90112
112896
67622
117578
89242
77492
48452
80916
50880
43278
92002
49241
88408
114098
62206
62475
64721
34891
53704
58400
60010
93357
56644
71299
110446
73854
53074
81308
49342
87664
38435
40950
80876
97566
23192
49024
44433
48699
11671
57522
62168
79894
74980
31797
79795
70697
82412
51759
97763
58954
93633
41349
49404
69357
51468
64121
116479
88340
103937
45877
55236
120150
80746
41457
101404
81092
61975
80901
78969
94608
33774
25069
56767
106779
50854
47361
55936
77068
55129
17837
75572
47322
76315
80028
71331
82486
69429
80043
45372
90915
42583
97037
90183
53153
57066
55771
21420
116279
51536
67854
45961
64259
97631
107635
33811
15201
33520
54482
83768
68446
96368
31062
49370
17270
103721
37528
60103
107324
14595
10726
58565
48878
106081
45349
105017
38202
69748
64877
23372
66605
56364
74966
106058
70327
72279
43871
53503
102035
102642
59290
70791
65162
55171
49668
50512
40019
100220
123353
97217
87261
69167
62901
80289
110022
87279
89750
32726
28800
56740
40177
103191
44605
89936
107951
65805
33539
76308
53207
76616
58390
77327
32452
77570
95943
64409
39039
114487
79740
48084
76077
37074
24233
33886
37751
16863
82252
111065
38175
95240
94500
71215
88934
102819
60784
81894
84509
68320
60477
75179
61437
69612
40643
85266
80654
64747
57151
110746
99241
79894
28240
87406
101654
50226
89086
102262
53403
75238
86828
58512
87294
68567
121932
46366
36033
31056
83445
93523
98225
116926
47839
126399
88534
59825
53288
90177
49349
82234
54970
127868
70693
108909
44564
44993
85389
52401
37758
49103
98204
75277
68663
51130
38108
110573
81120
46837
95031
109358
27126
88733
115385
73191
50018
85725
100050
23092
72548
46707
111039
86896
36851
37243
79475
96218
64991
84164
76324
62505
78717
71325
64154
86942
62435
106088
37957
43846
49617
43962
31104
41544
110100
23562
107135
57076
88680
57223
46819
36119
110141
71709
14929
39089
61019
102885
106954
28645
29084
74344
106254
78344
21362
59686
74062
111522
59973
66968
5114
94003
37986
26563
99128
71244
54259
104152
41497
17576
54135
91288
48692
60864
23547
34780
53833
89250
114760
78636
88113
17687
64418
66278
26133
11451
94316
65808
65431
42547
89235
98953
91086
52429
14388
115042
52969
62225
70679
66457
55680
53843
61095
81262
109584
64500
95864
68340
59801
68275
64217
54173
64130
98191
108781
101563
63714
99408
65364
96108
35270
102352
52349
28385
41887
86249
112766
62719
89219
75555
67299
12910
95372
72392
50100
69047
35524
59300
31523
78173
74411
80289
26577
92501
95590
4269
39474
66930
74166
75923
65861
33514
64781
46463
32883
61937
73067
35551
89092
52446
94266
46580
57906
61811
103205
18542
67809
55705
69033
69923
126974
32024
45292
37854
98179
19363
34450
89965
61573
75869
48081
43262
32757
63363
79441
57475
60221
43382
35149
48654
105950
14538
64262
81196
93093
83494
56169
34807
91352
93942
71079
105064
103920
43381
61305
84600
37823
86765
89768
89919
94256
82478
87225
128986
92882
59685
29053
57202
89078
63313
91852
65206
71465
53080
22941
44749
72745
54806
70959
79527
40110
8983
61071
32918
45573
33708
102134
53494
27418
44916
73990
3070
34927
113309
125985
75933
46393
41248
49812
75086
89060
20565
99501
49455
61388
89118
66488
44626
66541
81011
71969
81756
99543
14822
108764
108275
46032
65435
53650
51125
79357
45156
38533
109673
5755
41400
63725
54556
56170
43229
44583
23949
67178
109410
36117
63382
70743
84425
75309
89047
38578
55909
59161
126453
69512
37935
74852
98001
56455
27369
87096
50990
46283
20869
30707
44557
69642
21328
87817
56670
55273
91722
108009
88286
51708
84096
54474
31036
57387
89048
74299
63424
68733
62293
83642
56036
70583
60408
60592
29592
64710
40675
46406
4935
56282
83014
41904
65404
71958
76944
37146
104249
85608
74380
64330
31222
112843
98505
57816
66993
84726
30761
31924
76535
53108
73313
98008
63927
60182
106293
8189
40666
10467
54549
44025
39614
96211
74913
105231
51021
56657
115981
59667
110080
92167
127076
9068
55012
75081
36684
26608
40185
63863
34645
21818
115653
31064
79984
69836
77366
63286
63576
112206
92022
44784
33912
90181
27370
79390
71719
108661
10909
48311
31257
102211
23653
39192
96122
71556
66429
39814
67992
17230
90400
113472
29992
76973
26721
77617
68994
109546
75379
45006
98884
74785
75721
83270
59111
85887
75759
30413
53784
85511
50107
81413
54407
51882
85084
67935
70553
60274
71370
24914
48697
23864
29137
75706
75683
31746
63334
85756
11250
89292
26160
75935
68404
48441
87108
69970
25611
92718
101440
55805
69773
47091
88517
67707
112425
79628
53696
26812
93490
73153
40375
65831
64609
53049
117412
73474
88446
58831
81413
48545
29839
87750
28998
108484
17420
95671
74669
43341
64312
19210
81570
17680
47124
70651
121469
85828
77911
26559
13586
70922
100619
42974
94964
72323
56663
84762
69128
72246
33254
83157
53617
68916
41969
80436
58717
73031
47508
104603
66602
104923
95616
8128
118451
86670
68044
108610
96819
28648
91334
107266
87608
72904
46330
67061
52487
74233
64269
69688
44055
106576
76489
73400
36358
66157
34933
61624
64044
81639
13103
115219
50197
86737
82858
37767
100067
41775
97452
87855
53971
114604
69088
128536
98798
110554
86589
60571
58891
26508
26362
85307
96336
89655
64267
112416
83962
96201
47598
56210
26373
61415
31311
75076
18985
107192
58530
88033
49087
61795
72854
70351
28080
323
48971
82702
85881
35385
99893
25793
47894
36475
109484
18988
68112
54704
16746
100099
70999
74648
113095
24546
105282
24546
85035
88083
25459
118816
90585
50731
48882
78166
58783
44812
110365
36245
40816
105658
49893
36924
103430
52870
47022
70650
68241
53166
84949
61961
17216
100888
92340
6172
111782
95615
20559
40726
50143
46515
39538
79734
69396
66353
64511
31880
77117
85234
70148
19396
47412
104542
51157
44557
47279
49863
71502
98596
102019
49803
55322
57413
20165
72579
89437
62993
25964
59915
106997
63911
79439
24511
83001
37833
90231
64310
82716
82218
38058
84067
64321
75917
82821
71262
101908
77604
19755
66485
79464
73870
87460
27368
47472
107527
65713
34807
55821
64352
99050
85096
30143
77994
97221
89220
54637
44090
101731
92318
94917
99264
79541
32241
62602
47170
103710
50374
35706
58684
49908
96696
81058
38448
90452
77311
30563
47700
45475
62179
19108
26091
51765
39783
31506
85102
87871
40851
28346
87471
23641
99634
46064
98942
65310
86881
86773
80309
108821
31035
54495
45913
100930
101707
65860
76082
55896
75906
70457
80400
67207
58064
126278
75247
70168
26443
49751
36466
73927
72779
76194
75031
42674
74789
31743
35828
89771
6166
78848
88556
20115
81784
50311
121078
68050
126020
93090
40864
94499
45110
109875
33967
90458
87192
65548
92012
76308
44631
38484
40796
92184
100280
67040
36434
84524
77369
33059
52150
63239
75729
49142
116122
66935
76200
83996
8560
71243
91712
39375
29866
113475
21883
73624
68069
11377
37144
55872
70392
65612
64719
56998
76088
26122
18132
60734
83613
109519
83173
46790
55768
74259
85725
62596
30122
78547
69084
25217
66921
115380
56556
69443
59429
69150
105472
21589
39890
19741
69594
61268
53433
67366
68639
114168
86199
81845
55729
62134
51078
40661
80046
19470
70156
91032
55296
106649
45661
113247
97731
75401
79347
16821
63382
84797
53708
41882
84907
88564
33506
98492
17961
97869
100141
87210
80380
62139
75064
88558
26028
63007
111573
31345
84278
93625
89240
62358
75996
17082
67764
35495
79641
36064
54780
44633
78805
61401
57011
50712
61358
59367
37801
67566
33548
66299
70924
62142
67565
66252
60310
73190
31488
72133
71668
22670
36035
29543
68089
45509
39031
64357
93372
11114
70049
105115
42354
94379
67896
76583
81527
53655
59782
27069
116563
115768
108966
116628
69244
32344
44048
122268
98977
62289
92518
29711
39801
96781
37779
96447
39480
62501
73530
107868
45417
59906
80779
56587
43963
97334
89551
11494
62318
58240
40116
39680
63869
17803
32099
23157
49942
43189
38489
116848
73585
58255
106873
59606
34927
30999
58346
55226
47734
48742
18716
90936
96957
89173
61045
101045
60341
44684
83454
85131
13996
11186
36035
93714
27441
30680
60442
59750
80597
121326
34409
113239
77056
40393
100411
101974
63141
49268
47030
82235
63153
42254
91500
24825
105159
71238
4822
44957
34423
104714
74235
39582
76494
18385
109582
82180
51718
87562
56066
88066
51612
54078
46367
45598
58805
25844
66567
121224
67848
28228
83382
90477
68898
37997
74509
17265
20267
80418
52812
53701
70379
46388
51932
64186
48808
48095
96651
82782
19440
85346
809
101242
59874
46051
98544
43292
87988
106658
6390
115578
96798
86902
62977
24050
60965
49896
48165
96001
39652
62476
113788
100217
70034
79254
61781
94116
87703
31151
26054
81164
